1.512717777888166815e+01 3.128240878749627973e-01 2.045547431403031524e+00
1.483551697048263129e+01 3.142918950929221578e-01 2.104980314278246389e+00
1.497959456413345336e+01 3.135735664038938331e-01 2.075278572919755593e+00
1.512172901283489956e+01 3.119929038612740402e-01 2.043653376134232147e+00
1.501857885949462990e+01 3.134505213077932728e-01 2.060090325335791839e+00
1.499331204411739726e+01 3.137623778141647723e-01 2.066590313109206711e+00
1.495499470212565818e+01 3.139750080498198148e-01 2.080148842082861993e+00
1.484019382919096053e+01 3.136555740694893513e-01 2.102714798181815059e+00
1.518775894969456175e+01 3.124095646859669784e-01 2.032806492691230371e+00
1.494160597205805274e+01 3.151080452532943332e-01 2.083739595177443782e+00
1.491227578062615677e+01 3.146866772194423234e-01 2.091254699787191473e+00
1.493458955429394130e+01 3.132242908166976147e-01 2.077957271544439877e+00
1.513986288471375552e+01 3.115336281908516192e-01 2.034965049089111133e+00
1.478334803028931788e+01 3.147962769535778138e-01 2.115012630767740820e+00
1.508476190631889757e+01 3.135718528612601586e-01 2.048375001841399978e+00
1.497522423734531216e+01 3.130033313286092467e-01 2.075969027794157817e+00
1.494451245685137764e+01 3.136706245733029697e-01 2.079855762752507609e+00
1.486883096094532952e+01 3.154007416226432547e-01 2.102276040095177656e+00
1.526683285547850488e+01 3.116196813743549177e-01 2.014978135135264026e+00
1.506589481175443446e+01 3.124984509353631035e-01 2.052364406856889811e+00
1.479083144910424430e+01 3.142727498293595989e-01 2.112188924203011187e+00
1.492710804235753130e+01 3.146367521526049482e-01 2.089367119104671211e+00
1.518311163599320146e+01 3.118759875839656193e-01 2.030545202050884956e+00
1.509551613880669940e+01 3.135060442272226688e-01 2.048524424508338271e+00
1.518398502963880148e+01 3.137392756988710563e-01 2.036007324721561318e+00
1.500906778110491757e+01 3.131710008415364843e-01 2.062920845088542343e+00
1.490896510825670696e+01 3.161659723459361304e-01 2.095510210507442128e+00
1.505811884913739895e+01 3.128181452426848641e-01 2.051119893973677666e+00
1.508005914439765327e+01 3.134492392490489387e-01 2.056484054941226880e+00
1.494928060394863678e+01 3.147349065002092994e-01 2.082295255007374557e+00
1.518636178605915710e+01 3.115297930295470308e-01 2.031516182585280994e+00
1.489788061242933459e+01 3.138979483859943298e-01 2.087068220219393755e+00
1.503744947163636780e+01 3.130012081471194030e-01 2.056232106329872966e+00
1.477493994640928321e+01 3.160922531252786660e-01 2.121450298489394815e+00
1.501673883104142604e+01 3.127317404953404156e-01 2.064577339311742588e+00
1.509481779755305730e+01 3.138269346357585032e-01 2.056247578923546371e+00
1.499592804534183088e+01 3.131174898681114427e-01 2.065851551998394431e+00
1.502933522289207069e+01 3.123239189282061012e-01 2.057994416396862647e+00
1.512057501734622988e+01 3.135110854840860717e-01 2.044954895236863468e+00
1.494538767849684469e+01 3.150132663779063869e-01 2.088213174936529359e+00
1.506404425759622256e+01 3.134670708681112639e-01 2.057143911085717036e+00
1.492331628374320829e+01 3.139631667180772800e-01 2.085313968843443888e+00
1.499496092506267075e+01 3.126610188590301376e-01 2.065149478085997803e+00
1.518602586401106791e+01 3.117666239722388655e-01 2.025906394926569210e+00
1.505532197304815156e+01 3.138418872163676876e-01 2.061617979294589453e+00
1.491642917117569134e+01 3.152534047990922517e-01 2.085496658759375954e+00
1.504674554546364362e+01 3.110289203753406895e-01 2.051736280691354608e+00
1.507609185480899860e+01 3.119649568731180933e-01 2.048607392502877822e+00
1.510490443330325228e+01 3.129037856494201186e-01 2.046157718268992731e+00
1.509685339144021299e+01 3.140319616825725801e-01 2.057884508760576825e+00
1.471027941353712798e+01 3.156761207629458221e-01 2.130824475843439814e+00
1.504068092449938732e+01 3.134552087722654035e-01 2.063446233337599800e+00
1.521402571210484211e+01 3.130920189020917621e-01 2.030201104972463089e+00
1.535416492763770435e+01 3.121190375453631316e-01 1.999028634537455051e+00
1.500747666827126459e+01 3.133496257193920664e-01 2.066132827022977736e+00
1.514775158848774694e+01 3.133604115531042900e-01 2.039369672234391473e+00
1.511887791452397600e+01 3.118474499570658698e-01 2.044104262561039054e+00
1.502917726909955043e+01 3.129554820800714565e-01 2.060193878687961888e+00
1.510072467699351684e+01 3.150317906897431297e-01 2.052259552685779642e+00
1.497506114101295438e+01 3.137105797647169458e-01 2.073938802374425183e+00
1.505425199428079175e+01 3.112729541857984228e-01 2.054371658632938580e+00
1.503750968279625333e+01 3.115409486149173790e-01 2.051911007421592270e+00
1.502938041938474356e+01 3.126309166220674896e-01 2.061956342396113584e+00
1.474822026493663429e+01 3.146833166635400469e-01 2.121286360561855933e+00
1.514500740135598988e+01 3.118221225248465345e-01 2.038540237083597884e+00
1.498068199006653245e+01 3.140938681352562489e-01 2.079934210941396966e+00
1.491894980581869667e+01 3.134113820575180065e-01 2.086232496945076065e+00
1.511879535783856987e+01 3.118048299752110286e-01 2.040146479727181106e+00
1.510262242288310475e+01 3.108875419062117618e-01 2.041223647678428232e+00
1.495350660745796034e+01 3.145820836999895787e-01 2.087830829655811904e+00
1.479962281956512804e+01 3.156078886703642672e-01 2.115289019715963281e+00
1.481365460396777856e+01 3.164101672203208371e-01 2.115402115393135496e+00
1.508951823310850315e+01 3.129424722704719497e-01 2.044032913310236843e+00
1.475095659935137249e+01 3.148237642438424522e-01 2.121036232923437570e+00
1.513139779397383577e+01 3.105184216373602091e-01 2.032676976592027174e+00
1.487456037437103440e+01 3.147876730833087389e-01 2.095190866887779002e+00
1.516249161110295596e+01 3.125205572451850156e-01 2.040628942273964519e+00
1.527267604357371944e+01 3.096457613887385607e-01 2.011089453539105953e+00
1.528857240945247220e+01 3.117104149080676678e-01 2.009931509958479801e+00
1.503732499634345920e+01 3.137645781841515435e-01 2.065931263558468345e+00
1.477665576890614574e+01 3.146112579216672200e-01 2.114847991846623643e+00
1.527733394814939416e+01 3.098427743139785528e-01 2.005142354873471700e+00
1.504158498036813896e+01 3.125206267980478181e-01 2.061681766980030694e+00
1.510925842756935644e+01 3.113766289684620214e-01 2.042630045559536978e+00
1.494507383630073960e+01 3.143383977079124425e-01 2.082415502948951058e+00
1.517303605253263932e+01 3.102901227568057307e-01 2.027197800110048131e+00
1.521259274136966155e+01 3.120069107378294904e-01 2.025362300311519537e+00
1.511824384881744976e+01 3.146654722234265011e-01 2.050280117590355555e+00
1.506111723284836046e+01 3.118961249328597307e-01 2.052745441757008127e+00
1.504793394805821016e+01 3.123254815781759675e-01 2.060410707235750927e+00
1.481043388869442801e+01 3.152589583803341311e-01 2.106844412539833566e+00
1.480171153005965579e+01 3.161369219626714577e-01 2.123181060706894385e+00
1.494647089948697705e+01 3.134330412785125142e-01 2.080101082930784884e+00
1.513187223162892181e+01 3.136543501961884250e-01 2.046005446869970879e+00
1.523557961041068864e+01 3.143794653235016390e-01 2.024252204434833669e+00
1.495532044284730766e+01 3.136061349301444423e-01 2.077995941604121821e+00
1.509506057590201067e+01 3.130576494647756558e-01 2.051102262557457312e+00
1.509637130140719208e+01 3.123460739604180803e-01 2.045710687747050560e+00
1.506820188503310476e+01 3.120709277629439282e-01 2.055421756297370006e+00
1.528941091210996639e+01 3.112141284144948061e-01 2.007389693859531032e+00
