#Q^2     x	       y 	    sigmar	toter
0.045	0.621E-06	0.803	0.08	0.007816
0.065	0.897E-06	0.803	0.111	0.00888
0.065	0.102E-05	0.706	0.111	0.0096903
0.085	0.117E-05	0.805	0.136	0.0100504
0.085	0.134E-05	0.703	0.13	0.007137
0.085	0.156E-05	0.604	0.126	0.0086562
0.1	0.151E-05	0.808	0.165	0.0129195
0.1	0.173E-05	0.705	0.166	0.0079182
0.1	0.202E-05	0.604	0.157	0.0057148
0.1	0.243E-05	0.502	0.149	0.0081652
0.15	0.207E-05	0.803	0.228	0.0168492
0.15	0.236E-05	0.705	0.199	0.0089948
0.15	0.276E-05	0.603	0.201	0.0067737
0.15	0.331E-05	0.502	0.201	0.0061104
0.15	0.414E-05	0.402	0.187	0.0061149
0.15	0.502E-05	0.295	0.185	0.01036
0.2	0.315E-05	0.704	0.25	0.0119
0.2	0.368E-05	0.603	0.246	0.0084624
0.2	0.441E-05	0.503	0.24	0.007008
0.2	0.552E-05	0.402	0.235	0.006439
0.2	0.669E-05	0.295	0.227	0.0059247
0.2	0.849E-05	0.233	0.224	0.0066304
0.2	0.110E-04	0.18	0.208	0.0090064
0.2	0.398E-04	0.05	0.211	0.0434027
0.2	0.251E-03	0.008	0.181	0.0278016
0.25	0.394E-05	0.703	0.28	0.015988
0.25	0.460E-05	0.603	0.28	0.01134
0.25	0.552E-05	0.502	0.282	0.008601
0.25	0.690E-05	0.402	0.276	0.0077556
0.25	0.836E-05	0.295	0.266	0.007315
0.25	0.106E-04	0.233	0.261	0.0067599
0.25	0.138E-04	0.179	0.25	0.006625
0.25	0.230E-04	0.107	0.245	0.0101675
0.25	0.398E-04	0.062	0.237	0.0113523
0.25	0.110E-03	0.022	0.2	0.0099
0.25	0.251E-03	0.01	0.196	0.0101724
0.25	0.394E-03	0.006	0.195	0.0115635
0.25	0.158E-02	0.002	0.199	0.0252531
0.35	0.512E-05	0.758	0.35	0.019075
0.35	0.512E-05	0.675	0.437	0.1118283
0.35	0.610E-05	0.636	0.358	0.0497262
0.35	0.662E-05	0.586	0.336	0.0108192
0.35	0.828E-05	0.469	0.335	0.0102845
0.35	0.100E-04	0.346	0.348	0.009744
0.35	0.127E-04	0.272	0.326	0.0088672
0.35	0.165E-04	0.21	0.316	0.0081844
0.35	0.320E-04	0.108	0.299	0.0125281
0.35	0.662E-04	0.052	0.283	0.0098484
0.35	0.130E-03	0.027	0.259	0.0086765
0.35	0.220E-03	0.016	0.242	0.0092202
0.35	0.500E-03	0.007	0.242	0.0091718
0.35	0.251E-02	0.001	0.202	0.0224018
0.4	0.883E-05	0.502	0.354	0.0179478
0.4	0.110E-04	0.403	0.372	0.013206
0.4	0.133E-04	0.297	0.357	0.0116025
0.4	0.170E-04	0.233	0.355	0.010153
0.4	0.220E-04	0.18	0.336	0.0093744
0.4	0.368E-04	0.107	0.332	0.0141764
0.4	0.883E-04	0.045	0.321	0.0115881
0.4	0.176E-03	0.022	0.288	0.0105984
0.4	0.294E-03	0.013	0.277	0.0101659
0.4	0.631E-03	0.006	0.261	0.0103095
0.5	0.732E-05	0.675	0.428	0.0400608
0.5	0.860E-05	0.645	0.443	0.0485085
0.5	0.158E-04	0.313	0.429	0.0199485
0.5	0.212E-04	0.233	0.392	0.0123872
0.5	0.276E-04	0.179	0.379	0.0115595
0.5	0.398E-04	0.124	0.367	0.0161113
0.5	0.100E-03	0.049	0.349	0.0098418
0.5	0.251E-03	0.02	0.308	0.0088704
0.5	0.368E-03	0.013	0.301	0.009331
0.5	0.800E-03	0.006	0.288	0.008784
0.5	0.320E-02	0.002	0.183	0.023973
0.65	0.952E-05	0.675	0.465	0.026691
0.65	0.112E-04	0.643	0.514	0.0329988
0.65	0.158E-04	0.407	0.464	0.0299744
0.65	0.164E-04	0.439	0.509	0.0423488
0.65	0.398E-04	0.161	0.475	0.01862
0.65	0.598E-04	0.107	0.42	0.021462
0.65	0.100E-03	0.064	0.41	0.014022
0.65	0.251E-03	0.026	0.362	0.0114754
0.65	0.478E-03	0.013	0.333	0.0114552
0.65	0.800E-03	0.008	0.319	0.0097614
0.65	0.320E-02	0.002	0.225	0.0152325
0.85	0.124E-04	0.677	0.553	0.0240002
0.85	0.138E-04	0.683	0.616	0.0779856
0.85	0.200E-04	0.471	0.602	0.0268492
0.85	0.200E-04	0.42	0.613	0.0365348
0.85	0.398E-04	0.211	0.561	0.0186813
0.85	0.500E-04	0.168	0.544	0.0320416
0.85	0.100E-03	0.084	0.502	0.0310738
0.85	0.251E-03	0.033	0.398	0.0284968
0.85	0.800E-03	0.01	0.351	0.0194103
0.85	0.320E-02	0.003	0.309	0.0167787
1.2	0.176E-04	0.674	0.591	0.0251766
1.2	0.200E-04	0.665	0.742	0.0762034
1.2	0.200E-04	0.593	0.669	0.0261579
1.2	0.320E-04	0.416	0.667	0.0281474
1.2	0.320E-04	0.371	0.688	0.0240112
1.2	0.631E-04	0.188	0.651	0.0166005
1.2	0.800E-04	0.148	0.598	0.0186576
1.2	0.130E-03	0.091	0.545	0.0313375
1.2	0.158E-03	0.075	0.534	0.014151
1.2	0.398E-03	0.03	0.495	0.021087
1.2	0.130E-02	0.009	0.374	0.017391
1.2	0.500E-02	0.002	0.299	0.0163254
1.5	0.185E-04	0.8	0.602	0.068327
1.5	0.220E-04	0.675	0.695	0.0228655
1.5	0.320E-04	0.52	0.821	0.054186
1.5	0.320E-04	0.463	0.755	0.022801
1.5	0.500E-04	0.296	0.763	0.0202958
1.5	0.800E-04	0.185	0.702	0.020358
1.5	0.130E-03	0.114	0.649	0.021417
1.5	0.200E-03	0.074	0.616	0.0240856
1.5	0.320E-03	0.046	0.58	0.019372
1.5	0.500E-03	0.03	0.55	0.042405
1.5	0.800E-03	0.019	0.493	0.0181917
1.5	0.100E-02	0.015	0.465	0.030597
1.5	0.320E-02	0.005	0.412	0.014214
1.5	0.130E-01	0.001	0.324	0.0226152
2	0.247E-04	0.8	0.766	0.0652632
2	0.293E-04	0.675	0.787	0.0225082
2	0.327E-04	0.678	0.855	0.050274
2	0.500E-04	0.443	0.859	0.0251687
2	0.500E-04	0.395	0.825	0.0220275
2	0.800E-04	0.247	0.764	0.0150508
2	0.130E-03	0.152	0.727	0.0147581
2	0.200E-03	0.099	0.684	0.0145008
2	0.320E-03	0.062	0.631	0.0147654
2	0.500E-03	0.04	0.578	0.0157794
2	0.100E-02	0.02	0.512	0.011776
2	0.320E-02	0.006	0.428	0.0118128
2	0.130E-01	0.002	0.358	0.0190456
2.7	0.309E-04	0.864	0.855	0.057798
2.7	0.366E-04	0.729	0.881	0.0376187
2.7	0.409E-04	0.732	0.975	0.079755
2.7	0.500E-04	0.599	0.894	0.029949
2.7	0.500E-04	0.534	0.882	0.0216972
2.7	0.800E-04	0.374	0.892	0.0358584
2.7	0.800E-04	0.333	0.886	0.0138216
2.7	0.130E-03	0.205	0.804	0.0109344
2.7	0.200E-03	0.133	0.78	0.015678
2.7	0.320E-03	0.083	0.702	0.0127764
2.7	0.500E-03	0.053	0.647	0.0119048
2.7	0.800E-03	0.033	0.596	0.0132312
2.7	0.130E-02	0.021	0.57	0.011514
2.7	0.200E-02	0.013	0.484	0.014762
2.7	0.500E-02	0.005	0.46	0.01196
2.7	0.200E-01	0.001	0.358	0.0303942
3.5	0.432E-04	0.8	0.868	0.0649264
3.5	0.512E-04	0.675	0.937	0.0383233
3.5	0.573E-04	0.677	1.017	0.0687492
3.5	0.800E-04	0.485	0.979	0.0253561
3.5	0.800E-04	0.432	0.954	0.0217512
3.5	0.130E-03	0.266	0.922	0.0122626
3.5	0.200E-03	0.173	0.858	0.0113256
3.5	0.320E-03	0.108	0.795	0.011448
3.5	0.500E-03	0.069	0.754	0.012441
3.5	0.800E-03	0.043	0.663	0.0106743
3.5	0.130E-02	0.027	0.627	0.0117876
3.5	0.200E-02	0.017	0.571	0.007423
3.5	0.800E-02	0.004	0.463	0.0077784
4.5	0.618E-04	0.72	0.957	0.0700524
4.5	0.732E-04	0.607	1.018	0.0318634
4.5	0.818E-04	0.61	1.118	0.0410306
4.5	0.130E-03	0.384	1.015	0.022939
4.5	0.130E-03	0.342	1.031	0.0190735
4.5	0.200E-03	0.222	0.967	0.0137314
4.5	0.320E-03	0.139	0.898	0.0129312
4.5	0.500E-03	0.089	0.8	0.01216
4.5	0.800E-03	0.056	0.724	0.0125252
4.5	0.130E-02	0.034	0.669	0.012042
4.5	0.200E-02	0.022	0.618	0.0113094
4.5	0.320E-02	0.014	0.575	0.009775
4.5	0.130E-01	0.003	0.432	0.0112752
6.5	0.803E-04	0.8	1.078	0.0626318
6.5	0.951E-04	0.757	1.165	0.067104
6.5	0.951E-04	0.675	1.05	0.0483
6.5	0.130E-03	0.554	1.18	0.029854
6.5	0.130E-03	0.494	1.122	0.0326502
6.5	0.200E-03	0.36	1.118	0.0231426
6.5	0.200E-03	0.321	1.131	0.0168519
6.5	0.320E-03	0.201	1.006	0.0131786
6.5	0.500E-03	0.128	0.938	0.0149142
6.5	0.800E-03	0.08	0.857	0.0125979
6.5	0.130E-02	0.049	0.761	0.0117194
6.5	0.200E-02	0.032	0.699	0.0096462
6.5	0.320E-02	0.02	0.644	0.0104972
6.5	0.500E-02	0.013	0.581	0.0091798
6.5	0.130E-01	0.005	0.485	0.0119795
6.5	0.200E-01	0.003	0.497	0.0137172
8.5	0.105E-03	0.8	1.178	0.069502
8.5	0.124E-03	0.675	1.209	0.042315
8.5	0.139E-03	0.678	1.181	0.0764107
8.5	0.200E-03	0.471	1.221	0.0238095
8.5	0.200E-03	0.42	1.178	0.0331018
8.5	0.320E-03	0.262	1.115	0.0157215
8.5	0.500E-03	0.168	1.022	0.0147168
8.5	0.800E-03	0.105	0.936	0.013104
8.5	0.130E-02	0.065	0.844	0.012238
8.5	0.200E-02	0.042	0.773	0.0141459
8.5	0.320E-02	0.026	0.664	0.0126824
8.5	0.500E-02	0.017	0.635	0.0109855
8.5	0.200E-01	0.004	0.458	0.0120912
10	0.130E-03	0.853	1.141	0.0893403
10	0.200E-03	0.554	1.248	0.0409344
10	0.320E-03	0.309	1.153	0.0277873
10	0.500E-03	0.198	1.069	0.0243732
10	0.800E-03	0.124	0.983	0.0233954
10	0.130E-02	0.076	0.898	0.0234378
10	0.200E-02	0.049	0.809	0.0230565
10	0.500E-02	0.02	0.633	0.0105078
10	0.200E-01	0.005	0.516	0.0111972
12	0.161E-03	0.826	1.238	0.0701946
12	0.200E-03	0.665	1.293	0.0484875
12	0.200E-03	0.593	1.314	0.0501948
12	0.320E-03	0.416	1.233	0.0253998
12	0.320E-03	0.371	1.233	0.017262
12	0.500E-03	0.237	1.153	0.0129136
12	0.800E-03	0.148	1.056	0.0118272
12	0.130E-02	0.091	0.941	0.014115
12	0.200E-02	0.059	0.856	0.013268
12	0.320E-02	0.037	0.757	0.0146858
12	0.500E-02	0.024	0.682	0.0118668
12	0.200E-01	0.006	0.492	0.0122508
15	0.200E-03	0.831	1.27	0.062484
15	0.246E-03	0.676	1.37	0.042881
15	0.320E-03	0.52	1.3	0.02899
15	0.320E-03	0.463	1.324	0.029128
15	0.500E-03	0.296	1.217	0.013387
15	0.800E-03	0.185	1.115	0.011819
15	0.130E-02	0.114	0.988	0.0110656
15	0.200E-02	0.074	0.875	0.0102375
15	0.320E-02	0.046	0.789	0.0097047
15	0.500E-02	0.03	0.718	0.0081852
15	0.800E-02	0.019	0.636	0.0073776
15	0.200E-01	0.007	0.532	0.0086716
18	0.268E-03	0.745	1.332	0.0664668
18	0.328E-03	0.608	1.375	0.036025
18	0.500E-03	0.399	1.276	0.0246268
18	0.500E-03	0.356	1.277	0.0181334
18	0.800E-03	0.222	1.168	0.0121472
18	0.130E-02	0.137	1.052	0.0111512
18	0.200E-02	0.089	0.95	0.010355
18	0.320E-02	0.056	0.836	0.0093632
18	0.500E-02	0.036	0.75	0.00825
18	0.800E-02	0.022	0.668	0.0074816
18	0.200E-01	0.009	0.539	0.0118041
22	0.500E-03	0.488	1.342	0.0475068
22	0.800E-03	0.272	1.269	0.0312174
22	0.130E-02	0.167	1.071	0.0300951
22	0.200E-02	0.109	1.019	0.0307738
22	0.320E-02	0.068	0.906	0.0263646
22	0.500E-02	0.043	0.774	0.0206658
22	0.800E-02	0.027	0.66	0.018414
22	0.130E-01	0.017	0.591	0.0170208
22	0.320E-01	0.007	0.523	0.0154808
27	0.335E-03	0.894	1.402	0.080615
27	0.410E-03	0.73	1.417	0.0406679
27	0.500E-03	0.599	1.418	0.0323304
27	0.500E-03	0.534	1.42	0.027122
27	0.800E-03	0.374	1.296	0.036288
27	0.800E-03	0.333	1.298	0.0146674
27	0.130E-02	0.205	1.164	0.0125712
27	0.200E-02	0.133	1.054	0.0114886
27	0.320E-02	0.083	0.92	0.010396
27	0.500E-02	0.053	0.806	0.0091884
27	0.800E-02	0.033	0.712	0.0082592
27	0.130E-01	0.021	0.639	0.0074763
27	0.200E-01	0.013	0.581	0.0085407
27	0.320E-01	0.008	0.529	0.0124315
35	0.574E-03	0.676	1.521	0.0413712
35	0.800E-03	0.485	1.407	0.0260295
35	0.800E-03	0.432	1.395	0.020088
35	0.130E-02	0.266	1.234	0.0128336
35	0.200E-02	0.173	1.108	0.0118556
35	0.320E-02	0.108	0.976	0.010736
35	0.500E-02	0.069	0.857	0.0095127
35	0.800E-02	0.043	0.751	0.0085614
35	0.130E-01	0.027	0.666	0.0079254
35	0.200E-01	0.017	0.595	0.0074375
35	0.320E-01	0.011	0.519	0.0097053
35	0.800E-01	0.004	0.45	0.02088
45	0.800E-03	0.624	1.493	0.0468802
45	0.800E-03	0.556	1.468	0.0280388
45	0.130E-02	0.384	1.317	0.0196233
45	0.130E-02	0.342	1.316	0.0178976
45	0.200E-02	0.222	1.163	0.0126767
45	0.320E-02	0.139	1.017	0.0110853
45	0.500E-02	0.089	0.903	0.0098427
45	0.800E-02	0.056	0.785	0.008635
45	0.130E-01	0.034	0.683	0.0082643
45	0.200E-01	0.022	0.604	0.0073688
45	0.320E-01	0.014	0.536	0.0086832
45	0.500E-01	0.009	0.488	0.0123464
60	0.130E-02	0.512	1.407	0.0265923
60	0.130E-02	0.456	1.394	0.024395
60	0.200E-02	0.296	1.255	0.014056
60	0.320E-02	0.185	1.088	0.0118592
60	0.500E-02	0.119	0.947	0.0105117
60	0.800E-02	0.074	0.824	0.0098056
60	0.130E-01	0.046	0.711	0.0091719
60	0.200E-01	0.03	0.635	0.0084455
60	0.320E-01	0.019	0.555	0.0078255
60	0.500E-01	0.012	0.511	0.0110376
60	0.130E+00	0.005	0.396	0.020988
70	0.130E-02	0.597	1.453	0.0342908
70	0.200E-02	0.388	1.274	0.0252252
70	0.320E-02	0.216	1.103	0.0208467
70	0.500E-02	0.138	0.999	0.0176823
70	0.800E-02	0.086	0.824	0.0151616
70	0.130E-01	0.053	0.72	0.016056
70	0.200E-01	0.035	0.64	0.013504
70	0.320E-01	0.022	0.564	0.0136488
70	0.500E-01	0.014	0.513	0.0113886
90	0.130E-02	0.684	1.446	0.0594306
90	0.200E-02	0.499	1.261	0.030264
90	0.200E-02	0.445	1.321	0.0235138
90	0.320E-02	0.278	1.176	0.0148176
90	0.500E-02	0.178	1.035	0.012627
90	0.800E-02	0.111	0.891	0.0113157
90	0.130E-01	0.068	0.759	0.0103983
90	0.200E-01	0.044	0.654	0.0092868
90	0.320E-01	0.028	0.561	0.0083028
90	0.500E-01	0.018	0.491	0.0084943
90	0.800E-01	0.011	0.439	0.0082532
90	0.180E+00	0.005	0.344	0.0175784
120	0.160E-02	0.741	1.401	0.0486147
120	0.200E-02	0.665	1.336	0.0391448
120	0.200E-02	0.593	1.313	0.0372892
120	0.320E-02	0.416	1.186	0.0276338
120	0.320E-02	0.371	1.212	0.0298152
120	0.500E-02	0.237	1.046	0.0161084
120	0.800E-02	0.148	0.91	0.012922
120	0.130E-01	0.091	0.78	0.011934
120	0.200E-01	0.059	0.671	0.0106689
120	0.320E-01	0.037	0.577	0.0096936
120	0.500E-01	0.024	0.489	0.0082152
120	0.800E-01	0.015	0.443	0.0086385
120	0.180E+00	0.007	0.333	0.0133533
150	0.200E-02	0.741	1.389	0.050004
150	0.320E-02	0.52	1.204	0.0293776
150	0.320E-02	0.463	1.201	0.0319466
150	0.500E-02	0.296	1.058	0.0166106
150	0.800E-02	0.185	0.915	0.0165615
150	0.130E-01	0.114	0.807	0.0189645
150	0.200E-01	0.074	0.693	0.0146223
150	0.320E-01	0.046	0.588	0.0135828
150	0.500E-01	0.03	0.512	0.0116224
150	0.800E-01	0.019	0.446	0.0100796
150	0.180E+00	0.008	0.325	0.012545
200	0.260E-02	0.76	1.286	0.0460388
200	0.320E-02	0.693	1.171	0.0553883
200	0.320E-02	0.618	1.221	0.0388278
200	0.500E-02	0.443	1.074	0.025239
200	0.500E-02	0.395	1.103	0.0183098
200	0.800E-02	0.247	0.934	0.0124222
200	0.130E-01	0.152	0.806	0.010478
200	0.200E-01	0.099	0.698	0.0105398
200	0.320E-01	0.062	0.586	0.0097862
200	0.500E-01	0.04	0.521	0.0084923
200	0.800E-01	0.025	0.431	0.0070253
200	0.130E+00	0.015	0.355	0.0159395
200	0.180E+00	0.011	0.331	0.00993
200	0.250E+00	0.008	0.273	0.017199
200	0.400E+00	0.005	0.139	0.0118011
250	0.330E-02	0.749	1.247	0.0485083
250	0.500E-02	0.554	1.079	0.0338806
250	0.500E-02	0.494	1.102	0.030856
250	0.800E-02	0.309	0.953	0.0141044
250	0.130E-01	0.19	0.825	0.012045
250	0.200E-01	0.124	0.701	0.011216
250	0.320E-01	0.077	0.592	0.0103008
250	0.500E-01	0.049	0.521	0.0086486
250	0.800E-01	0.031	0.432	0.0072144
250	0.130E+00	0.019	0.342	0.011628
250	0.180E+00	0.014	0.325	0.0079625
250	0.250E+00	0.01	0.263	0.0138338
250	0.400E+00	0.006	0.14	0.010416
300	0.390E-02	0.76	1.185	0.0470445
300	0.500E-02	0.665	1.127	0.046207
300	0.500E-02	0.593	1.124	0.0423748
300	0.800E-02	0.416	0.982	0.0271032
300	0.800E-02	0.371	0.971	0.0192258
300	0.130E-01	0.228	0.818	0.012679
300	0.200E-01	0.148	0.699	0.0123024
300	0.320E-01	0.093	0.613	0.011034
300	0.500E-01	0.059	0.503	0.0089031
300	0.800E-01	0.037	0.434	0.007161
300	0.130E+00	0.023	0.353	0.0133787
300	0.180E+00	0.016	0.318	0.0072504
300	0.250E+00	0.012	0.263	0.0154118
300	0.400E+00	0.007	0.155	0.0125395
400	0.530E-02	0.746	1.158	0.0490992
400	0.800E-02	0.554	0.961	0.0316169
400	0.800E-02	0.494	1.023	0.0230175
400	0.130E-01	0.341	0.859	0.0269726
400	0.130E-01	0.304	0.846	0.0170892
400	0.200E-01	0.198	0.711	0.0133668
400	0.320E-01	0.124	0.607	0.0117151
400	0.500E-01	0.079	0.509	0.0095692
400	0.800E-01	0.049	0.444	0.008214
400	0.130E+00	0.03	0.363	0.0072963
400	0.250E+00	0.016	0.257	0.0073759
400	0.400E+00	0.01	0.16	0.011056
500	0.660E-02	0.749	1.016	0.04572
500	0.800E-02	0.693	1.011	0.0671304
500	0.800E-02	0.618	1.029	0.0487746
500	0.130E-01	0.426	0.883	0.053863
500	0.130E-01	0.38	0.884	0.0336804
500	0.200E-01	0.247	0.737	0.0220363
500	0.320E-01	0.154	0.623	0.0185654
500	0.500E-01	0.099	0.517	0.0170093
500	0.800E-01	0.062	0.438	0.0141912
500	0.130E+00	0.038	0.347	0.0127696
500	0.180E+00	0.027	0.291	0.0128331
500	0.250E+00	0.02	0.254	0.015748
500	0.400E+00	0.012	0.166	0.0165336
650 8.50E-03    0.848   0.922           0.0494192
650 8.50E-03    0.756   0.986           0.0531454
650 1.30E-02    0.554   0.846           0.02538
650 1.30E-02    0.494   0.851           0.0198283
650 2.00E-02    0.36    0.702           0.0395928
650 2.00E-02    0.321   0.745           0.016539
650 3.20E-02    0.201   0.615           0.01353
650 5.00E-02    0.128   0.512           0.0113664
650 8.00E-02    0.08    0.446           0.0098566
650 0.130  0   0.049           0.0001372
650 0.180  0   0.036           0.000108
650 0.250  0   0.026           2.08E-05
650 0.400  0   0.016           0.000152
650 0.650  0   0.01            0.000137
