# Hera data up to Q^2=650 (next bin would be Q2=800)
90. 0.130E-02   0.684   1.372           0.0963144
90. 0.200E-02   0.445   1.257           0.0647355
120.    0.160E-02   0.741   1.343           0.088638
120.    0.200E-02   0.593   1.317           0.0659817
120.    0.320E-02   0.371   1.192           0.0559048
150.    0.200E-02   0.741   1.331           0.0893101
150.    0.320E-02   0.463   1.204           0.0538188
150.    0.500E-02   0.296   1.137           0.0503691
150.    0.800E-02   0.185   0.949           0.0736424
200.    0.260E-02   0.760   1.186           0.08302
200.    0.320E-02   0.618   1.273           0.0734521
200.    0.500E-02   0.395   1.129           0.0324023
200.    0.800E-02   0.247   0.940           0.025944
200.    0.130E-01   0.152   0.826           0.0234584
200.    0.200E-01   0.099   0.707           0.0237552
200.    0.320E-01   0.062   0.581           0.0210903
200.    0.500E-01   0.040   0.500           0.0175
200.    0.800E-01   0.025   0.419           0.0141203
200.    0.180E  0   0.011           0
250.    0.330E-02   0.749   1.125           0.087075
250.    0.500E-02   0.494   1.117           0.0409939
250.    0.800E-02   0.309   0.994           0.0315098
250.    0.130E-01   0.190   0.844           0.027008
250.    0.200E-01   0.124   0.697           0.0238374
250.    0.320E-01   0.077   0.598           0.0215878
250.    0.500E-01   0.049   0.511           0.017885
250.    0.800E-01   0.031   0.428           0.0151512
250.    0.130E  0   0.019           7.98E-05
250.    0.180E  0   0.014           0
250.    0.250E  0   0.010           4.4E-05
250.    0.400E  0   0.006           -3E-06
300.    0.390E-02   0.760   1.071           0.0855729
300.    0.500E-02   0.593   1.153           0.0814018
300.    0.800E-02   0.371   1.001           0.0364364
300.    0.130E-01   0.228   0.856           0.0292752
300.    0.200E-01   0.148   0.725           0.0270425
300.    0.320E-01   0.093   0.592           0.0226736
300.    0.500E-01   0.059   0.521           0.0200585
300.    0.800E-01   0.037   0.426           0.0155064
300.    0.130E  0   0.023           5.98E-05
300.    0.180E  0   0.016           -3.2E-06
300.    0.250E  0   0.012           6.12E-05
300.    0.400E  0   0.007           4.9E-06
400.    0.530E-02   0.746   1.106           0.0922404
400.    0.800E-02   0.494   1.043           0.0413028
400.    0.130E-01   0.304   0.868           0.03906
400.    0.200E-01   0.198   0.719           0.0313484
400.    0.320E-01   0.124   0.591           0.0256494
400.    0.500E-01   0.079   0.511           0.020951
400.    0.800E-01   0.049   0.435           0.018879
400.    0.130E  0   0.030           3E-05
400.    0.250E  0   0.016           1.76E-05
400.    0.400E  0   0.010           1.9E-05
500.    0.660E-02   0.749   1.097           0.0960972
500.    0.800E-02   0.618   1.042           0.0961766
500.    0.130E-01   0.380   1.000           0.0668
500.    0.200E-01   0.247   0.763           0.0521892
500.    0.320E-01   0.154   0.604           0.04077
500.    0.500E-01   0.099   0.518           0.0358456
500.    0.800E-01   0.062   0.396           0.0349668
500.    0.130E  0   0.038           0.0001938
500.    0.180E  0   0.027           0.0001053
500.    0.250E  0   0.020           9.2E-05
500.    0.400E  0   0.012           2.28E-05
500.    0.650E  0   0.008           7.68E-05
650.    0.850E-02   0.756   0.972           0.0548208
650.    0.130E-01   0.494   0.950           0.040185
650.    0.200E-01   0.321   0.794           0.0412086
650.    0.320E-01   0.201   0.645           0.0367005
650.    0.500E-01   0.128   0.525           0.0313425
650.    0.800E-01   0.080   0.419           0.0261037
650.    0.130E  0   0.049           -6.86E-05
650.    0.180E  0   0.036           0.0002304
650.    0.250E  0   0.026           3.12E-05
650.    0.400E  0   0.016           -0.0001024
