# LHeC pseudodata, positron, unpolarized
# q2   x       y                               simgar						error
2	2E-06	0.5952				2.55902						0.033011358
2	5E-06	0.2381				1.63469						0.015039148
2	8.5E-06	0.1401				1.36713						0.013397874
2	2E-05	0.0595				1.05923						0.010910069
2	5E-05	0.0238				0.85116						0.009192528
2	8.5E-05	0.014				0.76218						0.008307762
2	0.0002	0.006				0.6479						0.01321716
2	0.0005	0.0024				0.55183						0.012636907
2	0.00085	0.0014				0.50554						0.012284622
5	5E-06	0.5952				3.18784						0.04144192
5	8.5E-06	0.3501				2.55752						0.021994672
5	2E-05	0.1488				1.85427						0.016132149
5	5E-05	0.0595				1.40675						0.012238725
5	8.5E-05	0.035				1.22446						0.010775248
5	0.0002	0.0149				0.99919						0.008792872
5	0.0005	0.006				0.81694						0.015766942
5	0.00085	0.0035				0.73109						0.015279781
5	0.002	0.0015				0.61589						0.014350237
10	8.5E-06	0.7003				3.77678						0.048342784
10	2E-05	0.2976				2.71657						0.022275874
10	5E-05	0.119				2.02205						0.016783015
10	8.5E-05	0.07				1.73419						0.014567196
10	0.0002	0.0298				1.37636						0.011561424
10	0.0005	0.0119				1.08794						0.00924749
10	0.00085	0.007				0.95334						0.017827458
10	0.002	0.003				0.77457						0.016343427
10	0.005	0.0012				0.62747						0.014933786
20	2E-05	0.5952				3.77728						0.047971456
20	5E-05	0.2381				2.77144						0.02217152
20	8.5E-05	0.1401				2.34769						0.019016289
20	0.0002	0.0595				1.81859						0.014912438
20	0.0005	0.0238				1.39453						0.011574599
20	0.00085	0.014				1.19883						0.009950289
20	0.002	0.006				0.94231						0.017998121
20	0.005	0.0024				0.73452						0.015939084
20	0.0085	0.0014				0.6413						0.01494229
50	5E-05	0.5952				4.03337						0.051223799
50	8.5E-05	0.3501				3.36646						0.026595034
50	0.0002	0.1488				2.53341						0.02026728
50	0.0005	0.0595				1.87352						0.015175512
50	0.00085	0.035				1.57402						0.012749562
50	0.002	0.0149				1.18868						0.009628308
50	0.005	0.006				0.88408						0.01679752
50	0.0085	0.0035				0.74971						0.015369055
50	0.02	0.0015				0.58674						0.01349502
100	8.5E-05	0.7003				4.21681						0.053553487
100	0.0002	0.2976				3.11612						0.024305736
100	0.0005	0.119				2.25271						0.017796409
100	0.00085	0.07				1.86556						0.01492448
100	0.002	0.0298				1.37383						0.011128023
100	0.005	0.0119				0.99187						0.008034147
100	0.0085	0.007				0.82567						0.015274895
100	0.02	0.003				0.62594						0.013082146
100	0.05	0.0012				0.48257						0.011388652
200	0.0002	0.5952				3.71969						0.047240063
200	0.0005	0.2381				2.63701						0.020832379
200	0.00085	0.1401				2.15692						0.017039668
200	0.002	0.0595				1.55438						0.01243504
200	0.005	0.0238				1.09381						0.008859861
200	0.0085	0.014				0.89602						0.007257762
200	0.02	0.006				0.66074						0.012487986
200	0.05	0.0024				0.49385						0.01066716
200	0.085	0.0014				0.42112						0.009727872
500	0.0005	0.5952				3.15081						0.040015287
500	0.00085	0.3501				2.54141						0.019822998
500	0.002	0.1488				1.78707						0.014117853
500	0.005	0.0595				1.2215						0.009772
500	0.0085	0.035				0.98251						0.00786008
500	0.02	0.0149				0.70203						0.00561624
500	0.05	0.006				0.5064						0.00957096
500	0.085	0.0035				0.42285						0.008668425
500	0.2	0.0015				0.29301						0.006768531
1000	0.00085	0.7003				2.83893						0.036054411
1000	0.002	0.2976				1.96455						0.01532349
1000	0.005	0.119				1.31754						0.01054032
1000	0.0085	0.07				1.04715						0.0083772
1000	0.02	0.0298				0.73282						0.00586256
1000	0.05	0.0119				0.51624						0.00412992
1000	0.085	0.007				0.42502						0.00786287
1000	0.2	0.003				0.28657						0.006046627
1000	0.30000001	0.002				0.19942						0.004566718
1000	0.40000001	0.0015				0.12516						0.003166548
1000	0.5	0.0012				0.06879						0.002015547
2000	0.002	0.5952				2.15939						0.027424253
2000	0.005	0.2381				1.42431						0.011252049
2000	0.0085	0.1401				1.12012						0.00896096
2000	0.02	0.0595				0.76945						0.0061556
2000	0.05	0.0238				0.53051						0.00424408
2000	0.085	0.014				0.43103						0.003491343
2000	0.2	0.006				0.28311						0.005435712
2000	0.30000001	0.004				0.19353						0.00406413
2000	0.40000001	0.003				0.11951						0.002820436
2000	0.5	0.0024				0.06464						0.001796992
2000	0.60000002	0.002				0.02928						0.001030656
2000	0.69999999	0.0017				0.01014						0.000507
5000	0.005	0.5952				1.61375						0.020494625
5000	0.0085	0.3501				1.25472						0.009912288
5000	0.02	0.1488				0.84453						0.00675624
5000	0.05	0.0595				0.56761						0.00454088
5000	0.085	0.035				0.45356						0.003673836
5000	0.2	0.0149				0.2877						0.00250299
5000	0.30000001	0.0099				0.19207						0.003591709
5000	0.40000001	0.0074				0.11612						0.00249658
5000	0.5	0.006				0.06151						0.001611562
5000	0.60000002	0.005				0.02725						0.000934675
5000	0.69999999	0.0043				0.00921						0.000454053
5000	0.80000001	0.0037				0.00192						0.000164928
10000	0.0085	0.7003				1.39053						0.017798784
10000	0.02	0.2976				0.92504						0.007307816
10000	0.05	0.119				0.61285						0.0049028
10000	0.085	0.07				0.48434						0.003971588
10000	0.2	0.0298				0.29949						0.002635512
10000	0.30000001	0.0198				0.19647						0.002102229
10000	0.40000001	0.0149				0.11692						0.00169534
10000	0.5	0.0119				0.06098						0.001262286
10000	0.60000002	0.0099				0.02658						0.000919668
10000	0.69999999	0.0085				0.00881						0.000452834
10000	0.80000001	0.0074				0.0018						0.00016704
20000	0.02	0.5952				0.99157						0.012692096
20000	0.05	0.2381				0.65389						0.00523112
20000	0.085	0.1401				0.51398						0.004214636
20000	0.2	0.0595				0.31215						0.00280935
20000	0.30000001	0.0397				0.20187						0.002240757
20000	0.40000001	0.0298				0.11852						0.001801504
20000	0.5	0.0238				0.06097						0.001329146
20000	0.60000002	0.0198				0.02617						0.000860993
20000	0.69999999	0.017				0.00853						0.00045209
20000	0.80000001	0.0149				0.0017						0.00017391
50000	0.05	0.5952				0.63215						0.008154735
50000	0.085	0.3501				0.50401						0.004233684
50000	0.2	0.1488				0.31024						0.002885232
50000	0.30000001	0.0992				0.19978						0.002357404
50000	0.40000001	0.0744				0.11628						0.001895364
50000	0.5	0.0595				0.0591						0.00140658
50000	0.60000002	0.0496				0.025						0.0009125
50000	0.69999999	0.0425				0.008						0.0004864
50000	0.80000001	0.0372				0.00156						0.000191412
100000	0.085	0.7003				0.41929						0.005744273
100000	0.2	0.2976				0.27709						0.002937154
100000	0.30000001	0.1984				0.18331						0.00256634
100000	0.40000001	0.1488				0.10775						0.00213345
100000	0.5	0.119				0.05485						0.00162356
100000	0.60000002	0.0992				0.02312						0.001082016
100000	0.69999999	0.085				0.00734						0.000601146
100000	0.80000001	0.0744				0.00141						0.000248442
200000	0.2	0.5952				0.19486						0.003449022
200000	0.30000001	0.3968				0.14357						0.002742187
200000	0.40000001	0.2976				0.08921						0.002381907
200000	0.5	0.2381				0.04671						0.001863729
200000	0.60000002	0.1984				0.01995						0.0012768
200000	0.69999999	0.1701				0.00636						0.00073458
200000	0.80000001	0.1488				0.00122						0.000313174
500000	0.40000001	0.744				0.03907						0.002047268
500000	0.5	0.5952				0.02468						0.001749812
500000	0.60000002	0.496				0.01196						0.001300052
500000	0.69999999	0.4252				0.00411						0.000795696
500000	0.80000001	0.372				0.00082						0.000351944

