1.1630732208e+00 8.4860449595e+00 1.1303158523e-02 5.5728685303e-01
1.2424586660e+00 7.4429571719e+00 2.7889362382e-01 3.4577061901e+00
1.5408490904e+00 6.6299541606e+00 4.4153295454e-01 9.6786641561e+00
1.2586478435e+00 4.0040265163e+00 3.0948060303e-01 5.9391558303e+00
1.4343807385e+00 3.1014316971e+00 5.2959993545e-02 9.4844186483e+00
1.3709296938e+00 8.0736525204e+00 3.9574032366e-01 8.7706926391e+00
1.3644869539e+00 7.5237804334e+00 1.1835091942e-01 6.7615409948e+00
1.3161282746e+00 4.4630243107e+00 1.5298562549e-01 3.6583321693e+00
1.2319832865e+00 7.4028283399e-01 3.4814027320e-01 6.3393499248e-01
1.5387412840e+00 2.2293888817e+00 1.7139527637e-01 6.5475565124e+00
1.1656574105e+00 4.2819116684e+00 3.4204427898e-02 7.6437168869e+00
1.5195144755e+00 3.2945054119e+00 4.9171561657e-01 4.5248877692e+00
1.2877665032e+00 5.0855998365e+00 1.3013342145e-01 2.6543505840e+00
1.1580704711e+00 9.6459596671e+00 3.5272830647e-01 6.9725027472e+00
1.3682479056e+00 2.6965679808e+00 2.6158922480e-01 2.0673256372e+00
1.2490513203e+00 2.4770332344e+00 3.7857433730e-01 4.6513159546e+00
1.4081857488e+00 4.1035977536e+00 3.0445802769e-01 1.3174979450e+00
1.1287751535e+00 1.5611836008e+00 2.6235715542e-01 3.3518052110e+00
1.3011029995e+00 4.6184733538e+00 1.0963405236e-01 8.9406228566e+00
1.1151682506e+00 1.2703749361e+00 4.3389491996e-01 8.8643973890e+00
1.2111747920e+00 2.5948413961e+00 1.8090211869e-01 2.8371833477e+00
1.4407238573e+00 6.4728065588e+00 3.9645708177e-01 9.5136667904e-01
1.2924276433e+00 3.7352882694e+00 1.1663760332e-01 4.3247528206e+00
1.6414459858e+00 7.0522450177e+00 7.4080198218e-02 5.6708308163e-01
1.6159500480e+00 6.2055589450e+00 3.2966141122e-01 2.8953636296e+00
1.2292232472e+00 4.7403685937e+00 6.3938220821e-02 7.4687697889e+00
1.5182476550e+00 8.9407446474e+00 4.3272028181e-01 6.5610215585e+00
1.4824963060e+00 9.9402904249e+00 3.0565638411e-01 9.9642344708e+00
1.1981073814e+00 4.6780338544e+00 2.5804034903e-01 5.4836665173e+00
1.4953000661e+00 8.8132716234e+00 4.5133697578e-01 7.8704658172e+00
1.5554132797e+00 5.3028091581e+00 2.2752395460e-01 8.0610582849e+00
1.1392509317e+00 7.1532264018e-01 3.3402217105e-01 5.5505551264e+00
1.6383892379e+00 1.5811207224e+00 3.2792898998e-02 3.6453839906e+00
1.2085247351e+00 3.9186793268e+00 1.5040516031e-01 5.7832229571e-01
1.5677901219e+00 9.7465928914e+00 5.8825440809e-02 8.7444349728e+00
1.3648905766e+00 2.6298657706e+00 4.7987145293e-01 3.3869266469e+00
1.5486547961e+00 3.9658700014e+00 4.2469880426e-01 3.0718826529e+00
1.2687522517e+00 1.7864481913e+00 3.5528799890e-01 1.0513840281e+00
1.3529685176e+00 9.8603799509e+00 3.1217918119e-01 1.4908695979e+00
1.5797109227e+00 9.9571582081e+00 2.0014192222e-01 3.9127748189e+00
1.7512150662e+00 2.0447337590e+00 1.9844316172e-01 9.0682275855e-01
1.4658761020e+00 3.8998588951e+00 4.0152741873e-01 7.0121748561e+00
1.7849526031e+00 5.2417387630e+00 1.4496986514e-02 4.3274683526e-01
1.5240021935e+00 8.3824829220e+00 8.9650847208e-02 8.6208500587e+00
1.1061493349e+00 7.6104736437e+00 1.3624502878e-01 4.3139659228e+00
1.6478667568e+00 4.8757478817e+00 3.1414855018e-01 3.5004569829e+00
1.1510254695e+00 8.2433631415e+00 1.5775907904e-01 5.0987703933e+00
1.7207822926e+00 2.9191614155e+00 9.2366165459e-02 2.9734587593e+00
1.3820925395e+00 8.5662726112e+00 3.8510008879e-01 6.2669368525e+00
1.6758971919e+00 3.8152037105e+00 4.2377364503e-01 3.8641100687e+00
1.1554899586e+00 5.4239206924e+00 3.5858422136e-02 7.3340827557e+00
1.1420445802e+00 1.6035773672e+00 4.5680864757e-01 9.0767960264e+00
1.6914878454e+00 5.9717768942e+00 3.1197390937e-01 4.8868097171e+00
1.4531009960e+00 4.4920309263e+00 4.8820042209e-01 1.9478716418e+00
1.1793286705e+00 7.2818753343e+00 2.3288910476e-01 2.0119495120e+00
1.4221203702e+00 6.0841611068e+00 2.3088088644e-01 7.8927310436e+00
1.6461517830e+00 4.1143122862e+00 3.7168436621e-01 9.9680758769e+00
1.5005462647e+00 5.1069199645e+00 1.7777806758e-01 4.8944193050e+00
1.1746725923e+00 2.1943990879e+00 4.7404619633e-01 6.8186258870e+00
1.1031019197e+00 1.4770810938e+00 2.1044776446e-01 1.6791043694e+00
1.6900815113e+00 4.8278333125e+00 3.4587588856e-02 6.4930757698e+00
1.7470402887e+00 4.4123192399e+00 3.2216428672e-01 8.4971959590e+00
1.3719173787e+00 9.8353864283e+00 7.9539668108e-02 4.2436928735e+00
1.4668750417e+00 5.0721354041e+00 4.2120828310e-01 4.4551119349e+00
1.5624718157e+00 8.2859963955e+00 4.0451241697e-01 7.9902918819e+00
1.6769512717e+00 8.4079856366e+00 3.0163436712e-01 7.6937022544e-01
1.2677365512e+00 1.2598445126e+00 2.9683777770e-01 8.3172552603e+00
1.2572070911e+00 9.8023642315e+00 2.1914980289e-01 9.8236760235e+00
1.1527669054e+00 1.4602635493e+00 2.1413544095e-01 9.7225345089e+00
1.6656565270e+00 7.2582815798e+00 3.5997172754e-01 8.9193730710e+00
1.2721459841e+00 9.2269415179e+00 1.0897009004e-01 3.3623467101e+00
1.5084163205e+00 3.5346572421e+00 4.0725791053e-02 6.5924017287e+00
1.1379939252e+00 9.6273357090e+00 1.1222946769e-01 6.0857428496e+00
1.5273806755e+00 7.6488396254e+00 3.4937116705e-01 3.3109394639e+00
1.5167353181e+00 6.6868008848e+00 2.6490869264e-01 2.5340329310e-01
1.7671827476e+00 8.3213658655e-01 2.1473101080e-01 9.1132148458e+00
1.1452430092e+00 6.0100675435e+00 1.4072271069e-01 9.6424311040e+00
1.3615371739e+00 8.4445656373e+00 5.0486625181e-02 5.8364822547e+00
1.1412381513e+00 3.3068899726e+00 2.2651443316e-01 9.8162139007e+00
1.5164870817e+00 6.2724562881e+00 2.5351373716e-01 4.0597242618e+00
1.4186508986e+00 6.9111351171e+00 4.7263096301e-01 3.6127107860e+00
1.1694996886e+00 7.7373071687e+00 4.4757023086e-01 8.0004847771e-01
1.4433196126e+00 6.7121464479e+00 2.6022463142e-01 9.9579800237e-01
1.7923305572e+00 5.0334332208e+00 2.3367660941e-01 7.3786223064e+00
1.6095678629e+00 5.7417486319e+00 6.7147022576e-02 9.8920402981e+00
1.2838233326e+00 2.4804516050e+00 7.8536974171e-02 2.1535326589e+00
1.3319356633e+00 4.0438595060e+00 3.9379688184e-01 6.8088575344e+00
1.3124006781e+00 9.6290495190e-01 2.4855935872e-01 2.9334981281e+00
1.7551831574e+00 3.3653899147e+00 1.9625880029e-01 7.6632429294e+00
1.7966096493e+00 7.1994573836e+00 1.4919205059e-01 4.7893710384e+00
1.6971792683e+00 6.1490694952e+00 3.7084850537e-01 8.7233157282e+00
1.1362469171e+00 3.1855135392e+00 1.3558763295e-01 8.8263643303e+00
1.7882549476e+00 2.9652307723e+00 4.6188569965e-01 6.3887637993e+00
1.6846422121e+00 8.1185449651e+00 3.1667210866e-01 6.7392193333e+00
1.1105228298e+00 1.1796872693e+00 3.8865829152e-01 3.1272608787e+00
1.2227851295e+00 8.6155777363e+00 4.3328940887e-01 8.0893827643e-01
1.4981912073e+00 2.0335923581e+00 2.0972065043e-01 6.2877153165e+00
1.3226820816e+00 3.0620915236e+00 4.0205993440e-02 7.8556714809e+00
1.6512966287e+00 3.6803536228e+00 6.3102634986e-02 9.7417281588e+00
1.1338509616e+00 3.3671449825e+00 2.7623693272e-01 7.1479422889e+00
1.6725898353e+00 8.1476539871e-01 3.9543424996e-01 6.5320643672e+00
1.5643069840e+00 3.8505247507e+00 1.5180334905e-01 9.1527567478e+00
1.5207740299e+00 9.2739730706e+00 2.5044021421e-01 1.7189506710e+00
1.4169122497e+00 5.9594831857e+00 3.3773491422e-01 9.3003725538e+00
1.4243474394e+00 4.1969885452e+00 3.8444054797e-01 7.5844130732e+00
1.5014958075e+00 3.4385633030e+00 3.7983947135e-01 2.3121121742e+00
1.6140168385e+00 3.8294889463e+00 3.5073255382e-01 5.9202526039e+00
1.3200968589e+00 4.1575559429e+00 9.3469156210e-02 2.2563524570e+00
1.7234086731e+00 7.3569561560e-01 3.7751360912e-01 2.5784734524e+00
1.3456490438e+00 4.3030084448e+00 1.6642294083e-01 1.5430117644e+00
1.7439596325e+00 4.0501535269e+00 1.0530980169e-01 9.9906820154e+00
1.6702766555e+00 6.3799436371e+00 4.7787956229e-01 8.9271104629e+00
1.5683555485e+00 9.1063030011e+00 3.8266560842e-01 9.4017789414e+00
1.7050033633e+00 3.5965561002e+00 6.9607558661e-02 5.1948496927e+00
1.2744590939e+00 8.7460395900e+00 2.1680397668e-01 5.0249819229e+00
1.1600873052e+00 8.1641963448e+00 9.0543985237e-02 2.8936890391e+00
1.6569731408e+00 8.6384460281e+00 3.5139883796e-01 1.2352992137e+00
1.4555076791e+00 1.8495259500e+00 4.9612305265e-01 1.4387405047e+00
1.5839909173e+00 1.6253354300e+00 2.4663295401e-01 4.2692933486e+00
1.1774559770e+00 9.3637610265e+00 1.4618182823e-01 7.7278230399e+00
1.1124320038e+00 4.1806002831e+00 2.0373416316e-01 8.1782947652e+00
1.6532975086e+00 6.7894556118e+00 1.0638813011e-01 3.6758355479e+00
1.5477093234e+00 5.6456494530e+00 6.5638574323e-02 6.2126097727e+00
1.7393116165e+00 7.1427212756e+00 2.3943712296e-01 4.1670612258e+00
1.5944793606e+00 1.3697630307e+00 3.0799995997e-01 2.1663252918e+00
1.7061498070e+00 3.6303501790e+00 3.2182487911e-01 5.5860306852e+00
1.7581170265e+00 4.2856337941e+00 1.2816227903e-01 3.2187897989e-01
1.7145324108e+00 1.3215165947e+00 3.4657370879e-01 8.0117452508e+00
1.6051506794e+00 3.7732833931e+00 4.6584496200e-01 3.7709561053e+00
1.2142454507e+00 3.6968953941e+00 9.1320178783e-02 1.1260551047e+00
1.2162590131e+00 9.3179755124e+00 3.7679142004e-01 1.9665314498e+00
1.6681679147e+00 5.3964255576e+00 1.0055452556e-01 7.6856337084e+00
1.7484120966e+00 2.7620473868e+00 7.3419474834e-02 1.8072620972e+00
1.1081946887e+00 7.9380150562e+00 1.2967078025e-02 1.7285316358e+00
1.4806017500e+00 9.6783531136e+00 2.8531720548e-01 5.7241908859e+00
1.3941200093e+00 8.2044419351e+00 4.7949305651e-02 2.3981266977e+00
1.7813588198e+00 2.9896744051e+00 2.9491196966e-01 1.2091171652e+00
1.1053875992e+00 6.1694202802e+00 2.8291668209e-01 7.4316607950e+00
1.3251018337e+00 9.4272919433e+00 1.2028845973e-01 7.4526882297e-01
1.5368632572e+00 5.8214333270e+00 2.8452455483e-02 1.5716180628e+00
1.1037528684e+00 1.4023550812e+00 9.5679550455e-02 6.4879724263e+00
1.6960586626e+00 5.5118986538e+00 2.2271359402e-01 1.2527116269e+00
1.3404055844e+00 6.5338023424e+00 4.8457715746e-01 6.7011219430e+00
1.5062812525e+00 8.0390954690e+00 4.4661751061e-02 1.8682836659e+00
1.2789238737e+00 6.6597497674e+00 1.3281122806e-01 8.1891285505e+00
1.6344813605e+00 9.6133304001e+00 2.0596897788e-01 4.0774405897e+00
1.7768407754e+00 9.9337793274e+00 1.1207043355e-01 6.2565845652e+00
1.7831738230e+00 9.4562004982e+00 2.0882594216e-02 5.6985377782e+00
1.6931500994e+00 2.8352157493e+00 4.8324194365e-01 5.6212949083e+00
1.3552127415e+00 3.7173350526e+00 7.4587849511e-02 6.8490496276e+00
1.4363616018e+00 3.7605073944e+00 3.2319463248e-01 6.4098125741e+00
1.2808733023e+00 8.9959701848e-01 2.2201713379e-01 9.7697754245e+00
1.4060723426e+00 7.8482720245e+00 7.1456975395e-02 9.7871713344e+00
1.7737638607e+00 4.4324184209e+00 4.1448389974e-01 3.9719426193e+00
1.5900120128e+00 5.9165585824e+00 2.0188984987e-01 8.8775299165e+00
1.2359601117e+00 9.5969495218e+00 4.5473725418e-01 2.9955203862e+00
1.1522229916e+00 1.2951223253e+00 3.2444053645e-01 7.2590511742e+00
1.2025049475e+00 2.3370738730e+00 3.6649928759e-01 5.1480162656e+00
1.3485514522e+00 5.2765840117e+00 4.6929998372e-01 2.7318555453e+00
1.2935816575e+00 2.5521592821e+00 7.6826436146e-02 7.7309879604e+00
1.4105838129e+00 6.7279493749e+00 3.8952646859e-01 6.1001891784e+00
1.5261836550e+00 6.5309653667e+00 4.7627566642e-01 5.9705775706e+00
1.3956115098e+00 2.7846528018e+00 4.4943180137e-01 1.8440686850e+00
1.2473498285e+00 9.3361089387e+00 1.9904414347e-01 9.3227539370e+00
1.6015719216e+00 6.5643194324e+00 2.0683203494e-01 4.5535711328e+00
1.5290593322e+00 1.1030962275e+00 8.6693642728e-02 4.7625065876e+00
1.2966433008e+00 6.9939546809e+00 2.8266387151e-01 8.3314540271e+00
1.4036216185e+00 3.1660016718e+00 1.4264701867e-01 3.0304823821e+00
1.1848169600e+00 6.7395535732e+00 4.8130930804e-01 2.8586172053e+00
1.7250659892e+00 2.9703437402e+00 2.1833832293e-01 3.7862952592e+00
1.7449468210e+00 3.9461866235e+00 4.0637159083e-01 1.4480083350e+00
1.3189710389e+00 8.7903082169e+00 2.3009649589e-01 2.3550348639e+00
1.1209727741e+00 2.0803671475e+00 5.3613415970e-02 2.7094325973e+00
1.6868781434e+00 2.5097833986e+00 4.2550632533e-01 4.5839278510e+00
1.2240909331e+00 5.4384394025e-01 2.2100998472e-01 8.5998647626e+00
1.2520336038e+00 4.8000856390e+00 4.8634892838e-01 7.8272696261e+00
1.6000855704e+00 4.9964091041e+00 1.2482195012e-01 1.7872308218e+00
1.3536425109e+00 7.9987690095e+00 2.7521872362e-01 5.5106686556e+00
1.3267026020e+00 5.8631155336e+00 3.6478793360e-01 5.3103374750e+00
1.6150367514e+00 8.9920544220e+00 3.8115852605e-01 2.3055274093e+00
1.1642737495e+00 5.2247547097e+00 2.2539338743e-01 9.1278813727e+00
1.4296131372e+00 7.4048300868e+00 2.3754066460e-01 5.6679226322e+00
1.2665671278e+00 1.0035887130e+00 2.7605787883e-01 3.1037661924e+00
1.3690330939e+00 4.7212173180e+00 1.7569773989e-01 4.1309449972e+00
1.4239650170e+00 8.7149459863e+00 1.9523224210e-01 1.7483126792e+00
1.4637755208e+00 4.2526808775e+00 2.0213236933e-01 3.2825012609e+00
1.3986048525e+00 3.0038461022e+00 1.2747106425e-01 8.4667457844e+00
1.2064828152e+00 6.8147024297e+00 4.2697696902e-01 8.5559983197e+00
1.2367727476e+00 1.7606419306e+00 2.4763100069e-01 1.6456044323e+00
1.5893824839e+00 1.1546084695e+00 4.7887593782e-01 2.3287380523e+00
1.3515844136e+00 8.8953036351e+00 2.5425789967e-01 6.6790442622e+00
1.4900006869e+00 6.3567952272e+00 3.4068457629e-01 3.5277344319e+00
1.6252315412e+00 4.7101654505e+00 3.5806995704e-01 7.5137153499e+00
1.4200904801e+00 7.2721029953e+00 4.7537912645e-01 9.4477363667e+00
1.4316443037e+00 5.4419278876e+00 2.5887309980e-01 1.5104629999e+00
1.4495422992e+00 8.1804780633e+00 4.3146345250e-01 6.3376062930e+00
1.6783148021e+00 4.2304000724e+00 4.3932416911e-01 9.6673711339e+00
1.5303730909e+00 2.5180415956e+00 1.1919463341e-01 6.1507477025e+00
1.6200076511e+00 7.1799899471e+00 1.4210886670e-01 6.5794743170e+00
1.3326732330e+00 4.4058843391e+00 1.1453245165e-01 4.8564339419e+00
1.3967671649e+00 4.9271373253e+00 1.1292873322e-01 7.4942510869e+00
1.5451126062e+00 2.5321499102e+00 3.1832577864e-01 6.0277391065e+00
1.4256680252e+00 8.7666810102e+00 4.5199868669e-01 6.9095492890e+00
1.5955419425e+00 9.5521387437e+00 1.3888677631e-01 3.1837387937e+00
1.3561503971e+00 5.7222695580e+00 3.1527939353e-01 5.8290406958e+00
1.2171381885e+00 8.5208443257e+00 3.8699137452e-01 1.1400035201e+00
1.2438368190e+00 8.5010442320e+00 1.9440599567e-01 8.4142242573e+00
1.4999446086e+00 3.2606984690e+00 4.7178568971e-01 5.4184632291e+00
1.6115375766e+00 1.5230613259e+00 3.8341357162e-02 4.6983525159e+00
1.4211064538e+00 1.8444650296e+00 1.4034364433e-01 8.7417948292e+00
1.5216926709e+00 1.0293745552e+00 3.3242789905e-01 6.1271901430e+00
1.6275367412e+00 6.7781858722e+00 3.0079339269e-01 6.5206228311e+00
1.7871195792e+00 1.9268032754e+00 1.2059464955e-02 7.7941987964e+00
1.2614424561e+00 5.7665589068e+00 2.1753572617e-01 4.9451482535e+00
1.5722512966e+00 3.0445498353e+00 6.2959315921e-02 1.0328822555e+00
1.1567801695e+00 5.3611195392e+00 2.7256738324e-01 6.3963115932e+00
1.3663956644e+00 6.0585095346e+00 2.9859812656e-01 7.2350866617e+00
1.6334241338e+00 7.3278566441e+00 1.7725294806e-01 6.0098750984e+00
1.5696479980e+00 4.3443372015e+00 2.9974624980e-01 3.3644682547e-01
1.6996779064e+00 2.0135940535e+00 4.1612196967e-01 2.6116558586e+00
1.1730349982e+00 7.7717503907e+00 1.6840623811e-01 2.2042247490e+00
1.2799825018e+00 3.0953811256e+00 3.8354268484e-01 5.7141113505e+00
1.5772706709e+00 8.2142440326e+00 1.5524772240e-01 2.2779281779e+00
1.2041622668e+00 6.3298397450e+00 4.3066022575e-01 3.2280893790e+00
1.4069533302e+00 4.9001730057e+00 4.8827472936e-02 4.6122778364e+00
1.4350357256e+00 7.5096525708e+00 2.9592517304e-01 6.4326042520e+00
1.6316637980e+00 5.8966948386e+00 3.3071876716e-01 5.4094783216e+00
1.4607672740e+00 4.5871473310e+00 4.4806097833e-01 4.9361630702e+00
1.5508140376e+00 7.8206771251e+00 3.4423921722e-01 7.4190807836e+00
1.7396586952e+00 6.9366168289e+00 7.2150009638e-02 1.3951147164e+00
1.6210232814e+00 4.7546228573e+00 3.0671864311e-02 2.1789357000e+00
1.5044341094e+00 8.0545680465e+00 1.3375751283e-01 9.5477513275e+00
1.3051283273e+00 9.1735893090e+00 1.0184858533e-01 9.5280863267e+00
1.5030097031e+00 8.1336384795e+00 4.7121965454e-01 4.8266702632e+00
1.1957342787e+00 6.3076654404e+00 1.9177175763e-01 5.3465549986e+00
1.1230462498e+00 1.0728750111e+00 3.3554226147e-01 6.9300741382e+00
1.3306480260e+00 6.6233791939e+00 3.0511269229e-01 8.5229748375e+00
1.2546762075e+00 7.1571351613e+00 1.0839244344e-01 1.3891952881e+00
1.7182493188e+00 6.1086962841e+00 4.0387150442e-01 6.4654755283e+00
1.2773283505e+00 9.0850739244e+00 1.6261669878e-01 2.7689084648e+00
1.3105059528e+00 9.8171346839e+00 4.6307623343e-01 5.1598947355e+00
1.7462545022e+00 7.3656524657e+00 3.2611081984e-01 9.3951220870e+00
1.7019728846e+00 4.1259359161e+00 1.3425404462e-01 6.6624931710e+00
1.1276296139e+00 1.3722846652e+00 1.0369110573e-01 8.2313109964e+00
1.5153240852e+00 6.1843188646e-01 1.5894381500e-01 3.9760422785e+00
1.1098675070e+00 9.1214904339e+00 2.3536126204e-02 9.2129320793e+00
1.5709976773e+00 6.8898857421e+00 4.4219662268e-01 3.8182296130e+00
1.7327608355e+00 9.3444427164e-01 1.9330641340e-01 3.8855483030e+00
1.2450311118e+00 2.1782775002e+00 2.9306501152e-01 5.4495406947e+00
1.6215201017e+00 3.7914809852e+00 1.8222002703e-01 3.7516288189e+00
1.3355131392e+00 8.3866485068e+00 4.1764377747e-01 8.2802848837e+00
1.5917016547e+00 8.6659400686e+00 2.6129142085e-01 4.3998919635e+00
1.5842436511e+00 7.9207269365e+00 1.8393692022e-01 9.4768623318e+00
1.7093386124e+00 4.4776125922e+00 6.5226775455e-02 3.6346941235e-01
1.6676955843e+00 7.7897138847e+00 4.7000329044e-01 3.9947410878e+00
1.3366200901e+00 6.4006099672e+00 2.5096061049e-01 1.4865350006e+00
1.2278779624e+00 1.2358845992e+00 7.8775845542e-02 7.2957649415e-01
1.7032090031e+00 3.0314653044e+00 1.2980542527e-01 6.0702709664e+00
1.4158281659e+00 4.6087151528e+00 4.3036753588e-01 9.7166418453e-01
1.6548357837e+00 2.9484869644e+00 1.0796982902e-01 3.3023305801e+00
1.1468056987e+00 6.6493330499e+00 3.9212036787e-01 3.9353774217e+00
1.4125239308e+00 1.7223293245e+00 7.7041279445e-02 9.8647665171e+00
1.1836014618e+00 5.4587756301e+00 1.8269097750e-01 2.5887639837e+00
1.1857431953e+00 3.6606525634e+00 4.1725467178e-01 8.2928960158e+00
1.5666313825e+00 2.6576247487e+00 4.7364922876e-01 8.3831955205e+00
1.6304724616e+00 6.1935141022e+00 3.2884365090e-01 1.2733522784e+00
1.6373618894e+00 3.4236125631e+00 2.7006259165e-01 5.3925072874e+00
1.3757504703e+00 9.4669796743e+00 4.1782565321e-02 1.7576577782e+00
1.4761832227e+00 9.5078881830e+00 2.1596489868e-01 8.7839437491e+00
1.2504299755e+00 4.9344055726e+00 2.6765360973e-01 6.3083607783e+00
1.4684320868e+00 1.4897384936e+00 4.0331879955e-01 3.8544917530e+00
1.4830726451e+00 2.4111011369e+00 1.6696452481e-01 7.6276392356e+00
1.4278198164e+00 8.9745210070e+00 1.8501181879e-01 4.6789901505e+00
1.6805534804e+00 4.5697354054e+00 4.5039845197e-01 7.5644513557e+00
1.3875910760e+00 2.3249175269e+00 3.7637413620e-01 4.9581301007e+00
1.7658347716e+00 6.4244791129e+00 4.1186007350e-01 2.8562762359e-01
1.3037355359e+00 5.8080800468e+00 2.0341258156e-01 4.6204601781e-01
1.3808841114e+00 7.6667828318e+00 1.2349424230e-01 4.5331784960e+00
1.3907883341e+00 1.9467874978e+00 1.6879687271e-02 6.6924742319e+00
1.2392704073e+00 1.6240348200e+00 4.9262071262e-01 3.2185138500e+00
1.7717806212e+00 2.2623218266e+00 2.4300862750e-01 9.0110355942e+00
1.7306860756e+00 8.5382365075e+00 4.8917472863e-01 8.4309380394e+00
1.7806917550e+00 8.5496769411e+00 1.8028046741e-01 1.6034935780e+00
1.4937538909e+00 1.1816044477e+00 3.5001083468e-01 5.9590735524e+00
1.5332609490e+00 8.3048179418e+00 8.7694858679e-02 3.2412384906e+00
1.1181806238e+00 5.8410978840e+00 3.2025484400e-01 8.4769135495e-01
1.5356895182e+00 3.9345130665e+00 4.9545400739e-01 9.9335738214e+00
1.3773000803e+00 8.6739840268e+00 3.7344738338e-01 4.2267281097e+00
1.1462823665e+00 2.1220573591e+00 5.9464453636e-02 2.0144516242e+00
1.7930828306e+00 2.6749715928e+00 4.5390787930e-01 7.5456204019e+00
1.7792362385e+00 8.0248836131e+00 4.4088677694e-01 7.1683330934e+00
1.6591091228e+00 1.7027644962e+00 2.2341755773e-01 7.6724355693e+00
1.4782982046e+00 2.8811582375e+00 1.2238136523e-01 7.0331473356e-01
1.6455091207e+00 8.9104031455e+00 1.6189888851e-01 2.1036069722e+00
1.4507988166e+00 2.3924801293e+00 7.1043420110e-02 8.6652714002e+00
1.1405280175e+00 9.4864588256e-01 2.8034780565e-01 8.0471660540e+00
1.5818194644e+00 8.3653774074e+00 3.9088573011e-01 3.4073966051e+00
1.4896002608e+00 3.2810551217e+00 1.4829467029e-01 5.5303661647e+00
1.7623674101e+00 7.1859746394e+00 1.2179118595e-01 8.5936243529e+00
1.5114198632e+00 7.3044384198e+00 3.0381329783e-01 6.4999443097e-01
1.5457025420e+00 8.9646084241e+00 4.4666007622e-01 8.8931561176e-01
1.3395338479e+00 1.7147064312e+00 1.2413300654e-01 3.2603472839e+00
1.3294679256e+00 5.8478501761e-01 4.9712642784e-01 5.8798432884e+00
1.2633872709e+00 1.8776642950e+00 4.1361530205e-01 2.7527157388e+00
1.4473133218e+00 4.8080953664e+00 1.2652484275e-01 9.5688929920e+00
1.3443728814e+00 1.6441976713e+00 5.4913134088e-02 5.0716922753e-01
1.7752440133e+00 1.2847589575e+00 2.5711578143e-02 3.5149364036e-01
1.5439535302e+00 3.4688226374e+00 2.5920975864e-01 5.1043411216e+00
1.5934565891e+00 7.7522892074e+00 6.1421455213e-02 6.6161565757e+00
1.1542771401e+00 2.8976709720e+00 1.7797976327e-02 5.4317287431e+00
1.2153691332e+00 2.0551795344e+00 3.3305157544e-01 5.6817722878e+00
1.2595875405e+00 3.5598958202e+00 3.2719916975e-01 2.6697277239e+00
1.6239371821e+00 3.8598832896e+00 3.6840250313e-01 1.3719766392e+00
1.7845576744e+00 5.9453310405e+00 3.6735007681e-01 2.7824457949e+00
1.1822903095e+00 7.2401689651e+00 3.0877264466e-01 8.6775109774e+00
1.5535028129e+00 1.9583215175e+00 4.5240296820e-02 3.7430763195e+00
1.6100427445e+00 3.7111777313e+00 2.4444893416e-01 4.4648645843e+00
1.6081424271e+00 4.3265434375e+00 4.2953301459e-01 2.6250213035e+00
1.6659386842e+00 5.3178345192e+00 3.9042445405e-01 8.0977262138e+00
1.3839383868e+00 8.2667870487e+00 2.1786005554e-02 5.2804109847e-01
1.2460293622e+00 4.0631193050e+00 3.3592729288e-01 1.2805618019e+00
1.4030508560e+00 2.7657325612e+00 1.8805995654e-01 4.6681364526e+00
1.7497847333e+00 9.8776356609e+00 4.7866795121e-01 8.6479409110e+00
1.2991218004e+00 7.2148591610e+00 4.4331380854e-01 3.0212301527e+00
1.7907378056e+00 6.5572817123e+00 2.2611900947e-01 1.1612122978e+00
1.7360950719e+00 4.7632003624e+00 9.6827690275e-02 6.6266731838e+00
1.1319485564e+00 5.4915861699e+00 3.1362722625e-01 1.6049391483e+00
1.2004112130e+00 7.7343165026e+00 5.7491266401e-02 3.5785036118e+00
1.4522773680e+00 6.4680436099e+00 6.7814466052e-02 4.4200214152e+00
1.3214821700e+00 7.0564414278e+00 1.9587092327e-01 2.5183262904e+00
1.1006183210e+00 2.6153619248e+00 3.0704997389e-01 4.5074354027e+00
1.6329155504e+00 3.5420181958e+00 4.3639231470e-01 1.8626673982e+00
1.1212831842e+00 3.3466149203e+00 3.4132331090e-01 9.4271207505e+00
1.1971437028e+00 5.3293973851e+00 5.1875331966e-02 7.2427310505e+00
1.2553956340e+00 6.0008554901e+00 1.0607777498e-01 1.8206862084e+00
1.4801318091e+00 8.0997514988e+00 4.1131594897e-01 3.7099139581e+00
1.7500682420e+00 2.3130078691e+00 2.1264652911e-01 8.3398771712e+00
1.3633052424e+00 3.3975126134e+00 4.8707523302e-01 1.1889923466e+00
1.4147602172e+00 5.0099228256e+00 1.8839154167e-02 2.0303281997e+00
1.2400299715e+00 7.3993949660e+00 3.2041646158e-01 2.4127365198e-01
1.4288159662e+00 2.8640148638e+00 2.2849113549e-01 4.4794473508e+00
1.3568854868e+00 6.3145307204e+00 4.9794909299e-01 7.6131573661e+00
1.5340681157e+00 5.0167338310e-01 2.8772595268e-01 3.4453026613e+00
1.5053128096e+00 5.1937757130e+00 3.1027622854e-01 3.4860883711e+00
1.1328829070e+00 1.5515410441e+00 2.1227469802e-01 4.1719770950e+00
1.3118151411e+00 6.8513464059e+00 8.2448405377e-02 2.2185723130e+00
1.2647855337e+00 2.7166866557e+00 3.3982573385e-01 7.0361168023e+00
1.1492245881e+00 3.9734565468e+00 4.5513018635e-01 9.9433282175e+00
1.5573408979e+00 5.5264953029e+00 1.8920146849e-01 4.6426047420e+00
1.2531170740e+00 2.6523333322e+00 3.4162720065e-01 2.0741574767e-01
1.3257772087e+00 9.5172653950e+00 2.4090624336e-02 4.5719569853e+00
1.7190420706e+00 5.8832243399e+00 2.1568785949e-01 8.8099896266e-01
1.7109782196e+00 8.7224363936e+00 2.6352044303e-01 7.8395277396e+00
1.4978043402e+00 1.6718971099e+00 1.9749881280e-01 7.0751693212e+00
1.5564589812e+00 3.1550378520e+00 4.1320212492e-01 9.9128228073e+00
1.5765840939e+00 2.7040396689e+00 1.8671535228e-01 2.4908811077e+00
1.7022604857e+00 9.7067989800e+00 2.8736632128e-01 7.4646901967e+00
1.1703299925e+00 8.2297647183e+00 4.5832233648e-01 4.3814308224e+00
1.7639059782e+00 2.8557363669e+00 1.9928900566e-02 1.4672669690e+00
1.7702211638e+00 5.6976908162e+00 4.0015730530e-01 8.5659263437e+00
1.1304462479e+00 5.5323891444e-01 3.9900461705e-01 4.0162318837e+00
1.2940487975e+00 7.8741046990e+00 4.2015448849e-01 7.1763975476e+00
1.1685686158e+00 9.0076510377e+00 8.3925827331e-02 1.6327163016e+00
1.5728518926e+00 6.2528052990e+00 2.3132796493e-01 6.2416751022e+00
1.6629539551e+00 6.0015361667e-01 8.5282122111e-02 8.3705538314e+00
1.4181914887e+00 9.5593991433e+00 9.7952364372e-02 6.9523862800e+00
1.4930066212e+00 8.7562612522e+00 2.7320841646e-01 4.9202825844e+00
1.2696100573e+00 3.0748993137e+00 1.2586704903e-01 7.3466199418e+00
1.3423794036e+00 7.8896766131e+00 4.6480572773e-01 2.2160360881e-01
1.2378820804e+00 2.8097833720e+00 1.1119796937e-01 1.2250374204e+00
1.2862520975e+00 1.9040040248e+00 5.6469646239e-02 2.0612079874e+00
1.5599171827e+00 6.2278402448e+00 2.8384479454e-01 6.9289640892e+00
1.3053683768e+00 3.2292682653e+00 2.2028904073e-01 4.2843621136e+00
1.6037580045e+00 3.1396613032e+00 2.7199538117e-01 4.3582334344e+00
1.4334292154e+00 4.1451884110e+00 4.2202087719e-01 6.1736739633e+00
1.3997880571e+00 7.5948894354e+00 4.0928038609e-01 1.9237539958e+00
1.4100480999e+00 9.6644171166e+00 9.4747748597e-02 5.7998231259e+00
1.6447848726e+00 7.5903651378e+00 1.8584369781e-01 5.7459551364e+00
1.7127849057e+00 7.6961826920e+00 3.9429090151e-01 6.7213598199e+00
1.1769163143e+00 6.8759634578e+00 3.5743614027e-01 5.0487399835e+00
1.7157783639e+00 7.8032214461e+00 9.9627932998e-02 9.0215499426e+00
1.6736238890e+00 1.3277018810e+00 3.1054175759e-01 3.7277206072e+00
1.3892648810e+00 8.8434570272e+00 4.1915001394e-01 6.7764750004e+00
1.5415770077e+00 5.1091221102e+00 5.7265898891e-02 3.8378360977e+00
1.2608241696e+00 1.6631330249e+00 2.6448426705e-01 8.6425249739e+00
1.6505485070e+00 6.2338488168e+00 2.7081536676e-02 5.3351229399e+00
1.1626448633e+00 8.3510193678e+00 3.1448490148e-02 9.6234725038e+00
1.7599813775e+00 9.0228907834e+00 1.7383346450e-01 1.0040222315e+00
1.7789356326e+00 4.5217315328e+00 1.0428258196e-01 6.1383725888e+00
1.7426995594e+00 9.3032207059e+00 2.7566441137e-02 2.2319412180e+00
1.2949835061e+00 7.8461748096e+00 2.9023538834e-01 5.5965222745e+00
1.1012086845e+00 5.7772031672e+00 2.4058121450e-01 3.0862483378e+00
1.5609739012e+00 5.3799373341e+00 4.7711939344e-01 3.3299665583e+00
1.1913227623e+00 6.3654343142e+00 1.3975203792e-01 5.3639746490e+00
1.6051835744e+00 6.9226395477e+00 3.3693129169e-01 5.1491371286e-01
1.6600041560e+00 8.8027630386e+00 1.7010687333e-01 4.9943151695e+00
1.4695693397e+00 5.9873079615e+00 2.9198945162e-01 4.2050604928e+00
1.5650616210e+00 2.2102296832e+00 4.5843453244e-01 4.5984983335e+00
1.3899033933e+00 7.0837674323e+00 3.3848931105e-01 2.0790145498e+00
1.6979958796e+00 1.9844985132e+00 2.9563658930e-01 1.1006461550e+00
1.2727789867e+00 8.5273915341e-01 2.4123418598e-01 8.4458348496e+00
1.7543862071e+00 8.4777441101e+00 3.1907143176e-01 2.9976081198e-01
1.7285411097e+00 5.3576548314e+00 2.8939863158e-01 9.5106875397e+00
1.4398593495e+00 7.9664457679e+00 8.3223405963e-02 1.0942323727e+00
1.5787525626e+00 4.9607249058e+00 4.4585024258e-01 7.2206327009e+00
1.6861388499e+00 9.3889843280e+00 3.2395680213e-01 7.0808460348e+00
1.2506015166e+00 5.4752457990e+00 4.5988619429e-01 6.8776947472e+00
1.6556654697e+00 9.2599241606e+00 2.1107753506e-01 7.1366526668e+00
1.6817134322e+00 5.6243760071e+00 4.9574970438e-02 1.3378848588e+00
1.5960803603e+00 7.3135199422e+00 4.6134837461e-01 5.1781117980e+00
1.5521867084e+00 7.1019140361e+00 4.6937954547e-02 4.1885418593e+00
1.2884739082e+00 9.9963939963e+00 6.8119778992e-02 4.0771676160e-01
1.2316637903e+00 5.1706052600e-01 1.5381052280e-01 3.4316402165e+00
1.1807236826e+00 6.6966022011e+00 2.4266180172e-01 7.5258936421e+00
1.4773963987e+00 6.8186399230e+00 3.3670568812e-02 3.9492493315e-01
1.5548673766e+00 7.9484876858e+00 4.3474403887e-01 4.0503140828e+00
1.1903157647e+00 6.0942183990e+00 3.7439111513e-01 8.0813389715e+00
1.1956025946e+00 5.5666688253e+00 1.6287569057e-01 7.7000437128e+00
1.6435248243e+00 8.4538569732e+00 1.9243973231e-01 7.2988101337e+00
1.5882560341e+00 6.5852043957e+00 1.7328855062e-01 1.9145813148e+00
1.4568793483e+00 5.7292801598e+00 4.9934662222e-01 6.6466718991e+00
1.5377682287e+00 8.8721730741e+00 2.2683279505e-02 8.6383046579e-01
1.5431281943e+00 9.8531650633e+00 3.9844565429e-01 4.8207241097e+00
1.7255129495e+00 8.3262581781e+00 3.0031079414e-01 2.1112874040e+00
1.3153319003e+00 9.7250070619e+00 1.9224704104e-02 5.2284467585e+00
1.4535893655e+00 9.4885539260e+00 4.9095587575e-01 5.1269418450e+00
1.3237546568e+00 1.2051886530e+00 1.3158454643e-01 1.3548308734e+00
1.6641003448e+00 4.0922936742e+00 3.3121653118e-01 9.4390766641e+00
1.4741050264e+00 2.1931765851e+00 4.3743920787e-01 9.2983599200e-01
1.6125505903e+00 7.3856369487e+00 4.2999144244e-02 9.5057012156e+00
1.1295490536e+00 6.4302665595e-01 1.7603156178e-01 5.9157433686e+00
1.7949416333e+00 4.5158524797e+00 2.3467819063e-01 7.7455510455e-01
1.2001381348e+00 2.1080300771e+00 3.4788064948e-01 4.8987260492e-01
1.7570479785e+00 5.1460962856e+00 4.2571331527e-01 7.3620184368e+00
1.3603131042e+00 7.4309133910e+00 3.7005188197e-01 4.5584373278e-01
1.3176235508e+00 1.4350883642e+00 2.4524213545e-01 1.2978397491e+00
1.4577698881e+00 6.9816275691e+00 4.3587589348e-01 1.6567401119e+00
1.5589504334e+00 4.5483579335e+00 4.6776719113e-01 8.8554531491e+00
1.5120699199e+00 1.8659851141e+00 3.7549701386e-01 6.6719770014e-01
1.6711484912e+00 4.7785000821e+00 4.8608323928e-01 8.5378749801e+00
1.5986148110e+00 3.1191055796e+00 3.6978197486e-02 4.3357574150e+00
1.2130423130e+00 6.3099806864e-01 3.6380956077e-01 3.5363822633e+00
1.3795015018e+00 9.2063060940e+00 1.5848161785e-01 2.9867056402e+00
1.6881719617e+00 2.3747385697e+00 2.9391136108e-01 6.3590920039e+00
1.2846168492e+00 2.3036648268e+00 1.0331417852e-02 2.9187331755e+00
1.3586689512e+00 7.6745132809e+00 1.1594445986e-01 3.5937797608e+00
1.1483504947e+00 1.4308399285e+00 1.2918213216e-01 9.1481913073e+00
1.7120907935e+00 2.4372140238e+00 3.6570185153e-01 3.1119773291e+00
1.2783676729e+00 6.5958694337e+00 3.7191299390e-01 2.2651454780e+00
1.7607253150e+00 4.3581290851e+00 2.0888102357e-01 7.4025737939e+00
1.1357142613e+00 1.3485505608e+00 1.6859710623e-01 1.5814606905e+00
1.5501938384e+00 5.7821105092e-01 4.4366136718e-01 4.7511584252e+00
1.4710770710e+00 7.8984172631e+00 2.5239228159e-01 9.6966673351e+00
1.2224361090e+00 8.8543027256e+00 2.4383762165e-01 6.4521203827e+00
1.7229768877e+00 3.9845957941e+00 1.4513796710e-01 6.7871632890e+00
1.6179376335e+00 9.0598078860e+00 4.1910467143e-01 2.4226281295e+00
1.4878411088e+00 1.5033831634e+00 3.9267016920e-01 2.6971731871e+00
1.2258848026e+00 7.4884303350e+00 4.2275489718e-01 4.4424237999e+00
1.3284906730e+00 9.0355749294e+00 2.8125863575e-01 5.7787042032e+00
1.1594561445e+00 7.5584036891e+00 3.1563066926e-01 4.0238965287e+00
1.6235152068e+00 4.5678740074e+00 8.8652151081e-02 7.1974748057e+00
1.5309648811e+00 3.7940089614e+00 2.5448799112e-02 8.1134187490e+00
1.1928734233e+00 9.9142871680e+00 4.4889542713e-01 7.7654947604e+00
1.2713757721e+00 4.6534933605e+00 2.8890366539e-01 7.7595454888e+00
1.6926395616e+00 4.9717708422e+00 4.5663970668e-01 8.1372369768e+00
1.1265707923e+00 5.0250111871e+00 3.5331298907e-01 4.2572372586e+00
1.4388295487e+00 5.0455069256e+00 2.6968402492e-01 6.9850739858e+00
1.5326911165e+00 9.1587967022e+00 1.7241341833e-01 8.9784497304e+00
1.7073174540e+00 1.2130408856e+00 1.5634326899e-01 8.0273417282e+00
1.1136333155e+00 3.6165720529e+00 1.6352404493e-02 2.7915263000e-01
1.4916860026e+00 6.8407370810e+00 4.9302756090e-01 9.0407652319e+00
1.2050447083e+00 8.7285047082e-01 1.0298814958e-01 6.3427692651e+00
1.2082315245e+00 5.2931953963e+00 2.7815652306e-01 6.0512224903e+00
1.7289153775e+00 7.4763716055e+00 2.3793520004e-01 2.5282554947e+00
1.7558230823e+00 7.6285327766e+00 5.9858693005e-02 2.7156385110e+00
1.4453299168e+00 6.1611633020e+00 3.0289270888e-01 9.2886172397e+00
1.7899466196e+00 9.3801229571e+00 1.6047448685e-01 5.4756379793e+00
1.7530975632e+00 1.0656281896e+00 2.0613982014e-01 1.8882771726e+00
1.3143636850e+00 7.3462414634e+00 9.2649582346e-02 7.1282596429e-01
1.6022331969e+00 2.4582959804e+00 2.8611447772e-01 8.6996837344e+00
1.1936543415e+00 2.2749481191e+00 4.9890473790e-01 1.5327082784e+00
1.3081438225e+00 4.4567018309e+00 4.6683298003e-01 5.8183542906e+00
1.3917992461e+00 7.0037536998e-01 1.6540846385e-01 2.6433349202e+00
1.1147898076e+00 6.4963348679e+00 9.5910434244e-02 8.2766449032e-01
1.7982640420e+00 8.6974966208e+00 2.7421195464e-01 9.1672077443e+00
1.2757359179e+00 5.2108487896e+00 1.5991623210e-01 8.1559107659e+00
1.7988961131e+00 3.8760837585e+00 1.5263630729e-01 7.1070957134e+00
1.4479128282e+00 5.5639424642e+00 5.1344790194e-02 9.7190094251e+00
1.6362931991e+00 5.5484837807e+00 2.3563327105e-01 5.8921103060e+00
1.5754690964e+00 6.4433051768e+00 4.0219534473e-01 5.2620625519e+00
1.1079089354e+00 4.3645202022e+00 4.6387969470e-01 4.7099007347e+00
1.3734934039e+00 8.3579258785e-01 1.7983192802e-01 3.6185081504e+00
1.5860780126e+00 3.3912228185e+00 3.1784265240e-01 9.4083860952e-01
1.3021341795e+00 7.5456209215e+00 2.4991656769e-01 4.0978774343e+00
1.2898339282e+00 8.1039594975e+00 2.2967933976e-01 5.6380390678e+00
1.7766554682e+00 9.7554474508e+00 1.7425029861e-01 6.8933759162e+00
1.1717544505e+00 8.5966525565e+00 8.7246605190e-02 3.3743120638e+00
1.1793697440e+00 7.1156754878e+00 2.6674185555e-01 9.8018116128e+00
1.5226413001e+00 5.6703438915e+00 1.5053615204e-01 9.8385948514e+00
1.2269194936e+00 7.5695262598e+00 2.5267230460e-01 3.5615254346e+00
1.5821934205e+00 3.2514233565e+00 1.3754828892e-01 3.9526027974e+00
1.2180139978e+00 7.4611387939e+00 4.2796524723e-01 9.6395990208e+00
1.1741949311e+00 4.6356082113e+00 4.8282082692e-01 6.1871171832e+00
1.3073803710e+00 8.4189286416e+00 2.9145043047e-01 6.3243525169e+00
1.2995906561e+00 9.9834709245e+00 4.2883467745e-01 7.9318303881e+00
1.6487890805e+00 9.2156045131e+00 2.6587872932e-01 1.0734682106e+00
1.3465485156e+00 1.0396220295e+00 3.5424461801e-01 2.4155583913e+00
1.6986818093e+00 1.1447156612e+00 3.6246704514e-01 9.3479394713e+00
1.2197960041e+00 5.1373594267e+00 3.6037341632e-01 7.1113086358e+00
1.3095515514e+00 5.9039085417e+00 9.8401098011e-02 7.2737430892e+00
1.3435926908e+00 9.0686836149e+00 2.5593627289e-01 8.2590405185e+00
1.4459917143e+00 8.8574369283e-01 2.7785262901e-01 5.4945294055e+00
1.5971236213e+00 1.0087253877e+00 3.4576863178e-01 1.4175131008e+00
1.3936234481e+00 7.0100174620e+00 2.9771637636e-02 8.5052371357e+00
1.7630103345e+00 9.4349809534e+00 4.4182155391e-02 7.9165883427e+00
1.7271618829e+00 5.1594149721e+00 3.8066451908e-01 6.1064124844e-01
1.1609120710e+00 2.1562158483e+00 2.3966524141e-01 5.0574524342e+00
1.5080024488e+00 1.8244567920e+00 1.6442564991e-01 9.2160942664e+00
1.7412360499e+00 7.1210885421e+00 3.8616566444e-01 7.7977427285e+00
1.2418869392e+00 5.6008049219e+00 3.6312532421e-01 2.1323561568e+00
1.1191272420e+00 6.0574670421e+00 1.6355697445e-01 2.9551168114e+00
1.3375384883e+00 9.9023779024e-01 1.9126369246e-01 8.1454327166e+00
1.4428383199e+00 3.4950804947e+00 1.3706026065e-02 9.0579483422e+00
1.5135907043e+00 3.4513721377e+00 4.6528464274e-01 9.2651620215e+00
1.2106824070e+00 6.6815867458e-01 8.0745869181e-02 5.8616387587e+00
1.4594568733e+00 7.7790263130e-01 1.5585876678e-01 2.5388211426e+00
1.7349802868e+00 9.7793509343e+00 4.0703982462e-01 9.0992825834e+00
1.7375608636e+00 1.8094884060e+00 3.6119943175e-01 8.4483578631e+00
1.4958776517e+00 2.0860208750e+00 3.4279008294e-01 1.6940622678e+00
1.3848643355e+00 9.5293694423e+00 4.9358675925e-01 7.5685876769e+00
1.6528761335e+00 2.9283911004e+00 2.9791869862e-01 9.5975259838e+00
1.4649734195e+00 8.9377657839e+00 4.3980841600e-01 5.3246274223e+00
1.7961191982e+00 7.9793776490e+00 4.3859995904e-01 5.9907301780e+00
1.5253131127e+00 9.7776055336e+00 2.4833219024e-01 6.1989803629e+00
1.1441557980e+00 6.8310781262e-01 4.1576540692e-01 5.7624979001e+00
1.4724980453e+00 1.4060488225e+00 4.0584103102e-01 8.9934610096e+00
1.7893980331e+00 6.4210043521e+00 4.5342326432e-01 4.8477771912e+00
1.4045926083e+00 1.7431257959e+00 1.8450595486e-01 4.9711685866e+00
1.6066392869e+00 1.9109234652e+00 1.1477141314e-01 1.9373209798e+00
1.3476184145e+00 7.7133666499e+00 4.8053757888e-01 2.8678634600e+00
1.2978504417e+00 7.0244283332e+00 2.3452536577e-01 3.6911639187e+00
1.1171849853e+00 5.5850515396e+00 4.9450789565e-01 2.5563730205e+00
1.2331725516e+00 5.1855617417e+00 1.7851366473e-01 1.9811802907e+00
1.4306594924e+00 9.1648601598e-01 1.4423583165e-01 8.2441206537e+00
1.2830959685e+00 6.2921750370e+00 1.9019125592e-01 7.9055731543e+00
1.6585164151e+00 8.3075371530e+00 1.4383370386e-01 3.2010550744e+00
1.3998625666e+00 2.5756398621e+00 1.1749433750e-01 1.1729684088e+00
1.6263769918e+00 4.3796515433e+00 3.8166563497e-01 2.3581905751e+00
1.5103202002e+00 2.8149007476e+00 3.9727316781e-01 4.1447276791e+00
1.7336586867e+00 7.8613328689e-01 1.4747012008e-01 5.9456774041e-01
1.6830927896e+00 8.5767847700e+00 3.5554735974e-01 4.7316265461e+00
1.5739818496e+00 6.9519596264e+00 2.7072963692e-01 5.5580828996e+00
1.7727422240e+00 9.6918188585e+00 4.8994227483e-01 8.2134259712e+00
1.6787923548e+00 1.5343161825e+00 2.0055630894e-01 2.4659135047e+00
1.6613503899e+00 4.8505972587e+00 2.8512739224e-01 5.2042384278e+00
1.3334797443e+00 6.0292646389e+00 4.0099826508e-01 7.9654087950e+00
1.3860929056e+00 4.9166841051e+00 4.0785767945e-01 9.3649686167e+00
1.3385201156e+00 3.5149687410e+00 3.5701069079e-01 6.7913752808e-01
1.2906748859e+00 4.2370539846e+00 2.3632927887e-01 6.0416162064e+00
1.7197816986e+00 2.1455579426e+00 8.4564310787e-02 7.3212923913e+00
1.4017206621e+00 2.3622721010e+00 4.1028681127e-01 3.7950999205e+00
1.4852891960e+00 6.1292389224e+00 7.0311337266e-02 5.2445009529e+00
1.4621184925e+00 5.8020433041e+00 2.8003870042e-01 6.9961048126e+00
1.4700114461e+00 4.6930673016e+00 3.4325976441e-01 2.8068638734e+00
1.4843547583e+00 5.4255717249e+00 5.5702189260e-02 7.9467979504e+00
1.4745908602e+00 9.3197161331e+00 3.2592314135e-01 1.0350632631e+00
1.4136069540e+00 6.9642861973e+00 2.5685665891e-01 2.4457001018e+00
1.1866318300e+00 4.8562852013e+00 7.5747519552e-02 4.7900280041e+00
1.1884309268e+00 9.4092283794e+00 4.6335519800e-02 5.0711457181e+00
1.3777295465e+00 4.2073193601e+00 4.0997174150e-01 7.4382968893e+00
1.6182712741e+00 2.2455236958e+00 4.8405940726e-01 6.8336427981e+00
1.1238299367e+00 3.6455619981e+00 1.1952443756e-01 3.0558995071e+00
1.1886867519e+00 9.5727261281e+00 3.2790716915e-01 9.3369678967e+00
1.5867948903e+00 9.2517173258e+00 3.5950670151e-01 9.2552140562e+00
1.4864772167e+00 3.5814257925e+00 8.1338914726e-02 3.1681189032e+00
1.3507348272e+00 1.7772472667e+00 1.6947624610e-01 2.4747385248e+00
1.7681814651e+00 6.5129255182e+00 2.2416245828e-01 5.2719286450e+00
1.3703360579e+00 5.6840618751e+00 3.8851618941e-02 5.0177042542e+00
1.6843517714e+00 8.0061173544e+00 1.0102549519e-01 5.6486327135e+00
1.3744008462e+00 9.1877508097e+00 3.7293243391e-01 4.3737186035e+00
1.2034628180e+00 5.2639244987e+00 1.3727197296e-01 9.5800187286e+00
1.7686783421e+00 2.4165255444e+00 3.6884035706e-01 9.2435691501e+00
1.3600336516e+00 3.4871840243e+00 2.0460461135e-01 8.3605218232e+00
1.7317327222e+00 6.7575246535e+00 3.6605774752e-02 8.7985065478e+00
1.4382188530e+00 1.0862823291e+00 1.8786485234e-01 4.2318476347e-01
1.1255521711e+00 9.8917915500e+00 2.6822552685e-01 2.3784600752e+00
1.6410091501e+00 1.9974142200e+00 3.3472218124e-01 8.8095448951e+00
1.6294863877e+00 3.2194817771e+00 6.1931966955e-02 4.1158893722e+00
1.7081816472e+00 7.6413763646e-01 1.3247480821e-01 7.0550487604e+00
1.6944262030e+00 1.1252473704e+00 2.0779528948e-01 3.4715263809e+00
1.2631031856e+00 8.8862421819e+00 2.9278593704e-02 5.2817249314e+00
1.7164724177e+00 5.6516817268e+00 1.4673584736e-01 3.8996726080e+00
1.3830242607e+00 2.5585070874e+00 4.4512235568e-01 7.9962034901e+00
1.1675383370e+00 8.1534088679e+00 4.6001491742e-01 1.7747023623e+00
1.2299553499e+00 8.6235574047e+00 4.6825899073e-01 9.1902673767e+00
1.6745788716e+00 4.0304039087e+00 1.5307178404e-02 3.1462159907e+00
1.6394081638e+00 3.2040079397e+00 3.8755572574e-01 8.9594334368e+00
1.4586857542e+00 9.1332143119e+00 2.5578546104e-01 2.8171207666e+00
1.2347868342e+00 3.3241347313e+00 4.2330646645e-02 9.8696052600e+00
1.2210771611e+00 2.7353664146e+00 3.4517281749e-01 8.8974480370e+00
