9.243950261284780145e-01 9.291510963357842989e-01 9.341813546918958933e-01 9.393522922191472890e-01 9.445139292481011806e-01 9.495176347621487878e-01 9.542261774728368895e-01 9.585444631680056782e-01 9.624137142191101502e-01 9.658174923523188404e-01 9.687640317985986016e-01 9.713031101797335864e-01 9.754181678035951375e-01 9.753266373596538585e-01 9.768823567804354457e-01 9.781472766373446870e-01 9.790067797008232819e-01 9.799653225958170344e-01 9.803010325978359640e-01 9.820285228118970089e-01
9.291012708525860919e-01 9.335589119866023466e-01 9.382748913590330808e-01 9.431238716505381259e-01 9.479651861973593663e-01 9.526604978366188803e-01 9.570798143985155271e-01 9.611335894505308453e-01 9.647666170958649756e-01 9.679617845207513227e-01 9.707272410569977028e-01 9.731086729763843701e-01 9.770980067599003283e-01 9.768804661642755960e-01 9.783359224830652234e-01 9.795146950199675739e-01 9.804113175432037641e-01 9.811964457540360840e-01 9.814646620017566381e-01 9.831027431528069904e-01
9.303137583861753601e-01 9.347133756796390802e-01 9.393644659556080745e-01 9.441432367417809113e-01 9.489109618549487202e-01 9.535307316072810790e-01 9.578756370402830012e-01 9.618586447947566898e-01 9.654261938729574721e-01 9.685632758475896109e-01 9.712774459449657893e-01 9.736153598813584997e-01 9.775656326200197199e-01 9.773167274857187392e-01 9.787428947982097505e-01 9.798952637213632633e-01 9.807156230499992633e-01 9.815296414965676286e-01 9.817815100372094816e-01 9.834125975736469627e-01
9.276623108610467794e-01 9.322094511786919169e-01 9.370215571603405236e-01 9.419664994043115414e-01 9.469057926568624772e-01 9.516957751236907459e-01 9.562045906869257594e-01 9.603409455248769211e-01 9.640482399600207586e-01 9.673101040942441164e-01 9.701335998018991713e-01 9.725664824934785457e-01 9.765659925526956053e-01 9.764199690250212615e-01 9.779073180152345612e-01 9.791138685822156074e-01 9.800100379935010597e-01 9.808399451874997288e-01 9.811289116861252602e-01 9.827922271030861134e-01
9.270579755120602616e-01 9.316579923950092379e-01 9.365212452314459757e-01 9.415185004850019634e-01 9.465045813236501182e-01 9.513361878006851846e-01 9.558807890011922215e-01 9.600471124466189998e-01 9.637792834285844323e-01 9.670616858609581978e-01 9.699020924133052723e-01 9.723494285405744897e-01 9.763503769680742517e-01 9.762266584125027791e-01 9.777243050630755050e-01 9.789383818317847208e-01 9.797620114867702235e-01 9.806732488470765174e-01 9.809729408285676744e-01 9.826618043983456063e-01
9.384353319010837469e-01 9.423065750422047193e-01 9.464047260684974594e-01 9.506175275861726837e-01 9.548276670320369197e-01 9.589130433595632885e-01 9.627629814430841426e-01 9.662918118545709145e-01 9.694580441658816605e-01 9.722448838406659855e-01 9.746535351209155706e-01 9.767335283478498775e-01 9.800309785458969358e-01 9.800180372030956599e-01 9.812787119706373185e-01 9.822903175172107426e-01 9.832300087407532807e-01 9.801594090523215730e-01 9.837008116486684051e-01 9.853249921550866208e-01
9.266087040577657419e-01 9.312362853182714062e-01 9.361288197145770651e-01 9.411563308621773150e-01 9.461726691519127819e-01 9.510338307511468914e-01 9.556062772867285338e-01 9.597985048163922839e-01 9.635540099810010473e-01 9.668571164666343032e-01 9.697156525497017121e-01 9.721789781015985898e-01 9.761345138991639470e-01 9.760820589381336010e-01 9.775884230416319598e-01 9.788109024207418685e-01 9.796341632296801105e-01 9.805577456409734216e-01 9.808631330908479384e-01 9.825602415756665708e-01
9.275665422219174783e-01 9.321174776105316528e-01 9.369325623805828673e-01 9.418840751529659050e-01 9.468289760914441189e-01 9.516249305320478857e-01 9.561398620322834052e-01 9.602822575648192194e-01 9.639952809560162761e-01 9.672623778386503224e-01 9.700905924756377807e-01 9.725276682506869275e-01 9.765627889258444716e-01 9.763879349685976594e-01 9.778780940631024432e-01 9.790869563317444735e-01 9.799928976859428875e-01 9.808174583765163490e-01 9.811076073279682008e-01 9.827704786511965995e-01
9.295666439966125960e-01 9.340089018801317478e-01 9.387055680605742580e-01 9.435319498335885680e-01 9.483479585839846848e-01 9.530152286637109116e-01 9.574054147611764654e-01 9.614304036150558286e-01 9.650355961311444242e-01 9.682062392618359103e-01 9.709494836857587297e-01 9.733121729859313120e-01 9.772831039588629753e-01 9.770523302965331558e-01 9.784931798025068295e-01 9.796582167151874909e-01 9.804912750336427507e-01 9.813139084322830552e-01 9.815767034739389940e-01 9.832248463257249327e-01
9.228043290603377136e-01 9.276792803253018915e-01 9.328310477672103751e-01 9.381221164107121924e-01 9.433981942744420479e-01 9.485078775277466789e-01 9.533114750970975715e-01 9.577127944076868626e-01 9.616539560051440283e-01 9.651189632635516213e-01 9.681172987717392431e-01 9.707005302403978186e-01 9.736636461482187643e-01 9.747955798728875632e-01 9.763792755882516605e-01 9.776676876831188467e-01 9.767360924502027641e-01 9.795204180305272512e-01 9.798827464081296679e-01 9.816570788258804914e-01
9.284733307412703640e-01 9.329888460705828557e-01 9.377617612103353872e-01 9.426648918738950167e-01 9.475557698986784017e-01 9.522939813016300103e-01 9.567487326669555925e-01 9.608330600493070195e-01 9.644907602956401815e-01 9.677072128945203300e-01 9.704901811010262502e-01 9.728874198504831039e-01 9.767544336709813591e-01 9.766837907271818109e-01 9.781481522380822691e-01 9.793338907839577168e-01 9.801388177959410308e-01 9.810215442885417136e-01 9.813010991886030876e-01 9.829714260434819773e-01
9.239001753699570552e-01 9.286925437514410575e-01 9.337599585954466930e-01 9.389678934428444812e-01 9.441648386961087880e-01 9.492014734769379514e-01 9.539396948672582699e-01 9.582841509841218963e-01 9.621760841602801095e-01 9.655994379369365888e-01 9.685624538070967127e-01 9.711155496097674256e-01 9.740544747282752214e-01 9.751615628360207344e-01 9.767258815368765612e-01 9.779983597450837562e-01 9.788294086739293132e-01 9.798265974927654609e-01 9.801697151424801913e-01 9.819090691119640724e-01
9.278646537339919620e-01 9.324073986802747793e-01 9.372115294127681961e-01 9.421495674272486465e-01 9.470794395681582101e-01 9.518558829243816133e-01 9.563511678896660095e-01 9.604735119178552383e-01 9.641670857406293704e-01 9.674160409168919283e-01 9.702278068220046015e-01 9.726504673723163075e-01 9.766708415680021016e-01 9.764874639422950198e-01 9.779682668747758933e-01 9.791685846099413837e-01 9.800252474988290219e-01 9.808825085804988575e-01 9.811695002627445206e-01 9.828382457123122640e-01
9.283776920386003217e-01 9.328609197087460725e-01 9.376073219572252926e-01 9.424915709303250955e-01 9.473728312075154756e-01 9.521106690509457682e-01 9.565741238047372752e-01 9.606721882780768773e-01 9.643473679102306795e-01 9.675825983860898427e-01 9.703813846012765421e-01 9.727982399276601244e-01 9.768191129455280342e-01 9.766221796259121346e-01 9.780980373034688924e-01 9.792950194975695855e-01 9.802679164553484981e-01 9.810110362154986774e-01 9.812887947900426067e-01 9.829216202409681857e-01
9.301826956528078671e-01 9.345920450721475481e-01 9.392531841723396058e-01 9.440421891725836456e-01 9.488209788186768856e-01 9.534489782155136650e-01 9.578024646949966359e-01 9.617932460600928657e-01 9.653674644510357172e-01 9.685102383665444847e-01 9.712292890523459565e-01 9.735713749915448911e-01 9.774918164538718424e-01 9.772783327030826195e-01 9.787065335498745799e-01 9.798611387538029849e-01 9.806764103125468202e-01 9.814983807429705776e-01 9.817501985323455749e-01 9.833865228070179931e-01
9.218308564624437818e-01 9.267553452483896503e-01 9.319616604437762630e-01 9.373110037732917954e-01 9.426479401841535433e-01 9.478184423269248038e-01 9.526827249783185181e-01 9.571411822927154978e-01 9.611348999807128868e-01 9.646474037502954513e-01 9.676877298780931502e-01 9.703075242064138628e-01 9.733024324403467542e-01 9.744610738528037830e-01 9.760682879141963086e-01 9.773773070319781153e-01 9.764913063539207849e-01 9.792657561595200510e-01 9.796402940133039916e-01 9.814225345445504178e-01
9.302624064016199457e-01 9.346589235691392661e-01 9.393096412987053112e-01 9.440862232281346245e-01 9.488549281560711979e-01 9.534772050422947176e-01 9.578258516990442173e-01 9.618134533913993423e-01 9.653860046206452772e-01 9.685280835902113639e-01 9.712469075660454809e-01 9.735890029352518571e-01 9.775428554291079042e-01 9.772974976915276279e-01 9.787261824640878238e-01 9.798812926591220496e-01 9.807319404791300377e-01 9.815217457343555774e-01 9.817736936393944847e-01 9.833995613714002770e-01
9.304290991630530527e-01 9.348074470214978726e-01 9.394389542730532394e-01 9.442007517362175362e-01 9.489551542089018632e-01 9.535655538711648171e-01 9.579046703748322900e-01 9.618850907563920583e-01 9.654521720688118425e-01 9.685903056755180707e-01 9.713060615242675722e-01 9.736458410564526877e-01 9.776011237283318556e-01 9.773497877961112579e-01 9.787773476929878536e-01 9.799315805469752672e-01 9.808209354814071412e-01 9.815725913237128841e-01 9.818230748326320922e-01 9.834383541312412547e-01
9.320631228252225231e-01 9.363667157816812914e-01 9.409135570688244021e-01 9.455820991306131962e-01 9.502367091174235281e-01 9.547438032956230280e-01 9.589797038378419236e-01 9.628605973295275566e-01 9.663345618731479236e-01 9.693883408190444584e-01 9.720290808054481424e-01 9.743037544744872491e-01 9.780706652844372018e-01 9.779036601818037466e-01 9.792897579330801516e-01 9.804067697137279769e-01 9.811657652128975560e-01 9.819805655729348937e-01 9.822101025874231395e-01 9.838302689287847791e-01
9.229991687029474035e-01 9.278479407001432033e-01 9.329748163850593023e-01 9.382437069249059958e-01 9.435012392890409494e-01 9.485964157416998388e-01 9.533895496542348358e-01 9.577845159326312530e-01 9.617210893717036413e-01 9.651838646492488794e-01 9.681811347482929264e-01 9.707636994914670137e-01 9.737274686258827749e-01 9.748571052805621306e-01 9.764403617416835823e-01 9.777299041972031812e-01 9.768628938919809990e-01 9.795851328558502491e-01 9.799423644540021794e-01 9.816989374480741271e-01
9.263771607102656569e-01 9.310094589680381061e-01 9.359098416346051108e-01 9.409477966354660161e-01 9.459776496043484917e-01 9.508543678817000799e-01 9.554440532245561668e-01 9.596535207192664618e-01 9.634251378937093158e-01 9.667428439988197120e-01 9.696149363796867648e-01 9.720889412367468285e-01 9.761524430094885574e-01 9.760092367522430479e-01 9.775233575686010923e-01 9.787525131801981804e-01 9.796232585907870272e-01 9.805132067791857420e-01 9.806842785273406360e-01 9.825116075691502360e-01
9.212360997655182349e-01 9.262058437314005799e-01 9.314581482745328822e-01 9.368529531801141896e-01 9.422331226820780392e-01 9.474441576883499971e-01 9.523434656091666062e-01 9.568329846458308863e-01 9.608534412121169099e-01 9.643885163223651080e-01 9.674484163164625006e-01 9.700846509552281116e-01 9.730926015863179401e-01 9.742645520318025110e-01 9.758826299131834192e-01 9.772003552378656366e-01 9.762753823133972775e-01 9.791008517336666772e-01 9.794865927308934461e-01 9.812850020516351579e-01
9.240369744745094982e-01 9.288397687913788614e-01 9.339143144041943678e-01 9.391251355732941342e-01 9.443202927128835356e-01 9.493506105342551793e-01 9.540786566888397324e-01 9.584099810919370910e-01 9.622879297679072241e-01 9.656969924023013352e-01 9.686465533032847519e-01 9.711874845850013704e-01 9.741143362808795114e-01 9.752141620575546233e-01 9.767705672710682574e-01 9.780345685589924010e-01 9.770847171009863219e-01 9.798468137742797346e-01 9.801913539750483073e-01 9.819469391239394884e-01
9.268783570072809397e-01 9.314681805163101957e-01 9.363251450395537745e-01 9.413206432655829570e-01 9.463103388144616934e-01 9.511506508327389753e-01 9.557082102616117902e-01 9.598904028631879415e-01 9.636397279678875494e-01 9.669393352218411675e-01 9.697959412066388118e-01 9.722577243281081971e-01 9.763141527425177602e-01 9.761583870872195812e-01 9.776648255195485859e-01 9.788885477197497575e-01 9.798113245707831265e-01 9.806437018150141460e-01 9.809434400527824449e-01 9.826135765850213533e-01
9.272327130297770559e-01 9.318186205125567056e-01 9.366676347542054470e-01 9.416509822339463875e-01 9.466239779654204156e-01 9.514437082097264575e-01 9.559778485396130954e-01 9.601352616189583467e-01 9.638597236160244552e-01 9.671356843535330317e-01 9.699708670827710266e-01 9.724136208481031218e-01 9.762926886095973922e-01 9.762835309279058738e-01 9.777774064346514971e-01 9.789896659129870837e-01 9.798287241247429780e-01 9.807214948196603110e-01 9.810180950704113778e-01 9.827015216675337728e-01
9.308669165116540967e-01 9.352150756964403566e-01 9.398153495030083793e-01 9.445455067321248954e-01 9.492690712445118750e-01 9.538503055296991828e-01 9.581627404521146918e-01 9.621195631339616305e-01 9.656657288991308263e-01 9.687859308918083112e-01 9.714860907487408159e-01 9.738127611603665246e-01 9.777582400565903997e-01 9.774958630224388489e-01 9.789150933423446110e-01 9.800624226850578324e-01 9.809656678676980102e-01 9.816935088685209143e-01 9.819376125055357951e-01 9.835449596927651195e-01
9.311913101613231714e-01 9.355187400575658563e-01 9.400971762807264209e-01 9.448051230394439726e-01 9.495065182133952675e-01 9.540664302625777582e-01 9.583588558258291368e-01 9.622971802185115164e-01 9.658269972458621844e-01 9.689330252320257353e-01 9.716210018628796963e-01 9.739372437835814855e-01 9.778743772645256405e-01 9.776033882462686897e-01 9.790159030058785961e-01 9.801571458149600513e-01 9.810621863945093724e-01 9.817789378322091531e-01 9.820155400295658144e-01 9.836202161765156271e-01
9.192888293476751960e-01 9.243892102199723348e-01 9.297780088149839584e-01 9.353109346588777129e-01 9.408266778120337737e-01 9.461666013714119527e-01 9.511854280342711965e-01 9.557827135845000655e-01 9.598981631401425352e-01 9.635162183819931947e-01 9.666476635780248960e-01 9.693461939061351895e-01 9.724103951718179317e-01 9.736256941789890318e-01 9.752836284271784173e-01 9.766365820287229438e-01 9.756638590053445803e-01 9.785905339549609838e-01 9.790070598391757972e-01 9.808439500064108918e-01
9.274620271156494011e-01 9.320238499133501886e-01 9.368494227974003552e-01 9.418109858756413821e-01 9.467646620205760755e-01 9.515680869913192286e-01 9.560890473804870560e-01 9.602361224546922536e-01 9.639527570872388207e-01 9.672226406980189983e-01 9.700529613606537760e-01 9.724918084200816493e-01 9.765275546325559164e-01 9.763549736311138982e-01 9.778461687909919542e-01 9.790559096420206053e-01 9.799411858133655340e-01 9.807867825518761240e-01 9.810790727267576505e-01 9.827483543301160918e-01
9.274638753633198673e-01 9.320159560628847872e-01 9.368333119369358641e-01 9.417883618595542794e-01 9.467380904545692477e-01 9.515399768616353837e-01 9.560616505979396829e-01 9.602112756910046176e-01 9.639320775291254639e-01 9.672054147847002348e-01 9.700398860759908981e-01 9.724824513274702431e-01 9.765235769650694175e-01 9.763516533820753018e-01 9.778454076851952337e-01 9.790576119028829849e-01 9.799871265454658253e-01 9.807949360172260045e-01 9.810861683052376492e-01 9.827454538029941622e-01
9.262840866795483130e-01 9.309063291418774311e-01 9.357985110835450593e-01 9.408313915339452382e-01 9.458595143314625364e-01 9.507381645281400839e-01 9.553328138594835428e-01 9.595502828270149331e-01 9.633318605811200808e-01 9.666604739818911440e-01 9.695425936474783013e-01 9.720268972552066344e-01 9.761035479562382156e-01 9.759637675287611280e-01 9.774840010637284582e-01 9.787190078516989633e-01 9.796598189136954682e-01 9.804930885027838272e-01 9.808001967481374539e-01 9.824757797453173014e-01
9.226445705380874607e-01 9.275247339146006631e-01 9.326829798635302149e-01 9.379816352831427118e-01 9.432666615869564897e-01 9.483859970793327987e-01 9.531998575847174804e-01 9.576113931643126520e-01 9.615622027067326494e-01 9.650362842468196423e-01 9.680427838485019532e-01 9.706333036714830387e-01 9.736030293302398997e-01 9.747399740610813712e-01 9.763283179623363228e-01 9.776208237490598973e-01 9.767109602618327946e-01 9.794813603926936230e-01 9.798450150002767645e-01 9.816171865890865877e-01
9.327600042326231744e-01 9.369975588081227436e-01 9.414792346081954921e-01 9.460859144168548562e-01 9.506841889496603359e-01 9.551422574059855730e-01 9.593371471705194331e-01 9.631842433507356027e-01 9.666312050083587515e-01 9.696631866142260137e-01 9.722868672146336433e-01 9.745462231741508496e-01 9.784353249120419926e-01 9.781221393602588243e-01 9.794980923478514567e-01 9.806076024858856321e-01 9.814771449137532633e-01 9.821753879485534133e-01 9.823896046709656993e-01 9.839625227485323533e-01
9.333190405171624127e-01 9.375084772751772766e-01 9.419420137360311474e-01 9.465023175436604319e-01 9.510574480833103861e-01 9.554768959752361068e-01 9.596409705298232229e-01 9.634572600224572403e-01 9.668805787490484249e-01 9.698925595034275648e-01 9.724980857414218249e-01 9.747443958464421243e-01 9.786259678648112637e-01 9.782963877927001173e-01 9.796620855934561334e-01 9.807620185283300041e-01 9.816899230514550823e-01 9.761638145008736389e-01 9.825203714683082845e-01 9.840696198823329910e-01
9.211388557253836762e-01 9.261157943398046211e-01 9.313754991829999996e-01 9.367776347796055170e-01 9.421647166727573630e-01 9.473822262438866826e-01 9.522873721495753729e-01 9.567819960861321249e-01 9.608068959721709490e-01 9.643458553624243423e-01 9.674088793644132211e-01 9.700479809079293192e-01 9.730622904856248701e-01 9.742321730610090658e-01 9.758521773796214882e-01 9.771715945574559470e-01 9.762408450142170402e-01 9.790742577447103523e-01 9.794614297146584381e-01 9.812635883545468563e-01
9.235817105290617945e-01 9.284120109766403894e-01 9.335158631717278555e-01 9.387566817134566088e-01 9.439821566608377346e-01 9.490418465869397968e-01 9.537976871206689244e-01 9.581547077944839730e-01 9.620556989331264797e-01 9.654850830280807816e-01 9.684523607101378495e-01 9.710087056886196333e-01 9.739485558849212410e-01 9.750601124366483630e-01 9.766261553793280648e-01 9.778985894338197982e-01 9.769519849521989263e-01 9.797253633292938302e-01 9.800770273615061479e-01 9.818398412412839837e-01
9.345341821302223240e-01 9.386614953145233642e-01 9.430267304754684776e-01 9.475134946868515318e-01 9.519922916613113850e-01 9.563346202427401854e-01 9.604234474098801710e-01 9.641679212549185696e-01 9.675254225076377335e-01 9.704785529118503673e-01 9.730304404258269813e-01 9.752333836278577195e-01 9.790749701039762609e-01 9.787140153646266549e-01 9.800515062389174581e-01 9.811277584601698631e-01 9.819996390740690639e-01 9.826420449227859510e-01 9.828311694479731075e-01 9.843844597876254543e-01
9.292264890132915234e-01 9.336586412338091501e-01 9.383511376961368722e-01 9.431816365783467493e-01 9.480068012584258463e-01 9.526917180510849903e-01 9.571055421786935913e-01 9.611583072145264417e-01 9.647922771750794269e-01 9.679912221427647845e-01 9.707588828958407801e-01 9.731482833701959878e-01 9.771471130664473037e-01 9.769268419727643593e-01 9.783831149983986952e-01 9.795624582190446406e-01 9.805390730606280414e-01 9.749969340343108692e-01 9.815186577927206280e-01 9.831352574948090117e-01
9.283346905842589925e-01 9.328353021746451645e-01 9.375967773763151936e-01 9.424934067570059915e-01 9.473833107727432923e-01 9.521271294761135540e-01 9.565931514993496476e-01 9.606910308820292288e-01 9.643644426857900243e-01 9.675965169458896620e-01 9.703943719162452242e-01 9.728052361639699663e-01 9.768194775025544896e-01 9.766233335676588467e-01 9.780966218852261695e-01 9.792909417912966097e-01 9.802034514156362510e-01 9.809988289572377784e-01 9.812772304576814486e-01 9.829233245950785847e-01
9.179766150055239660e-01 9.231729795140405370e-01 9.286601478015675815e-01 9.342908943503505093e-01 9.399003148326385837e-01 9.453272872986703268e-01 9.504249000118049073e-01 9.550918566919014419e-01 9.592692876814576941e-01 9.629388767478938016e-01 9.661151856483282119e-01 9.688525288892172460e-01 9.711908008406251458e-01 9.731965593147183791e-01 9.748814209929113073e-01 9.762539485175556475e-01 9.752022530365380693e-01 9.782346710899122444e-01 9.786710978481977241e-01 9.809311146494894551e-01
9.292371678464110829e-01 9.336982580605822646e-01 9.384153268629950029e-01 9.432627734012802856e-01 9.480995436134989074e-01 9.527879422542496757e-01 9.571979904040789355e-01 9.612408878636106158e-01 9.648626955300129149e-01 9.680467538075190337e-01 9.708020478181245139e-01 9.731749459222925891e-01 9.771523349348271159e-01 9.769306076438231123e-01 9.783802194193236268e-01 9.795531881709238498e-01 9.803943953003906309e-01 9.812226481427913649e-01 9.814901210381257179e-01 9.831398932703545590e-01
9.291035911787157708e-01 9.335606765488997372e-01 9.382761547970990268e-01 9.431246219165649869e-01 9.479655988574425818e-01 9.526607919327820806e-01 9.570801013152122616e-01 9.611338418143412499e-01 9.647670311177323210e-01 9.679622948258416182e-01 9.707277678911008234e-01 9.731095610559087339e-01 9.770987267773546536e-01 9.768812762996254007e-01 9.783367154289195344e-01 9.795155305088938391e-01 9.804144101513111442e-01 9.811976395187367306e-01 9.814656977323493736e-01 9.831023119108075470e-01
9.208673648150205171e-01 9.258535165873905681e-01 9.311245040639731796e-01 9.365400160141154062e-01 9.419424026656088023e-01 9.471765384233955531e-01 9.520990825218029752e-01 9.566110014933719707e-01 9.606524759327179641e-01 9.642068072440812543e-01 9.672836702128472242e-01 9.699346939248277844e-01 9.729558165580942664e-01 9.741322974135766533e-01 9.757660783873245425e-01 9.770926046492206529e-01 9.761966809183986182e-01 9.790088180472125146e-01 9.793980248804312616e-01 9.811987695975551427e-01
9.292674402211635876e-01 9.337255170653513403e-01 9.384393823826943093e-01 9.432840242116669049e-01 9.481185920982923010e-01 9.528048797010220117e-01 9.572133065942122210e-01 9.612553437960448255e-01 9.648758423275350937e-01 9.680601141982119184e-01 9.708143228017008797e-01 9.731867202378040593e-01 9.771009437822411048e-01 9.769419346248265912e-01 9.783907204177638706e-01 9.795636466498016670e-01 9.804111796204619811e-01 9.812331356518803060e-01 9.814998017800731223e-01 9.831457437922200837e-01
9.235141259777512879e-01 9.283419966845960491e-01 9.334446367881286122e-01 9.386857902669751841e-01 9.439132124115048317e-01 9.489764060111499644e-01 9.537370796700579412e-01 9.580996719055729915e-01 9.620066224370049657e-01 9.654418712693690896e-01 9.684146112063463097e-01 9.709758438132793934e-01 9.739204679639474893e-01 9.750351147776834537e-01 9.766043826644351666e-01 9.778797458915610141e-01 9.769641159722589618e-01 9.797130213046498781e-01 9.800643487011634347e-01 9.818216444615078808e-01
9.219527753988145946e-01 9.268826804195692270e-01 9.320920292942249663e-01 9.374414586918873304e-01 9.427752610933891608e-01 9.479401742426919464e-01 9.527951338129874159e-01 9.572431962137982753e-01 9.612258404200652029e-01 9.647273119064670999e-01 9.677573753472960005e-01 9.703679744055977441e-01 9.733579504513036884e-01 9.745067010381356365e-01 9.761079381203091598e-01 9.774113193920958009e-01 9.764653575914036265e-01 9.792873772035748381e-01 9.796626905652200401e-01 9.814550048274397476e-01
9.307304741682440596e-01 9.350957404629121061e-01 9.397123541969160110e-01 9.444574181157672221e-01 9.491938468367075998e-01 9.537853746368111230e-01 9.581055626498459210e-01 9.620675959259056276e-01 9.656174783087569935e-01 9.687400166503947752e-01 9.714421917851400190e-01 9.737695503319871992e-01 9.777132741885624645e-01 9.774543002606297382e-01 9.788738795740329346e-01 9.800212045630856128e-01 9.808844369335838476e-01 9.816500254998079544e-01 9.818964495625083222e-01 9.835145522366105508e-01
9.263574161924612582e-01 9.309973810014666729e-01 9.359046344057938560e-01 9.409485465951185068e-01 9.459819370487700940e-01 9.508611724109378160e-01 9.554509909327050243e-01 9.596593463946809788e-01 9.634294988490157419e-01 9.667457558857002198e-01 9.696159025278469068e-01 9.720888105731002593e-01 9.759935887730905035e-01 9.760063677528855175e-01 9.775192941341344088e-01 9.787473870308940338e-01 9.795908726738306038e-01 9.805043197999985249e-01 9.806797826598907530e-01 9.825094327309110698e-01
9.197012705794627152e-01 9.247704061579737900e-01 9.301286607127391415e-01 9.356284604793849713e-01 9.411139317806710425e-01 9.464255828492972311e-01 9.514187683694983466e-01 9.559938411883081022e-01 9.600902513734160815e-01 9.636919865339997893e-01 9.668091023763576430e-01 9.694959825708541201e-01 9.725502587216475758e-01 9.737557540796241140e-01 9.754066045993761147e-01 9.767522282511701404e-01 9.758064442175498066e-01 9.786973718999080196e-01 9.791069212243715958e-01 9.813225793781609196e-01
9.255702381051926775e-01 9.302698482838823724e-01 9.352371346049601630e-01 9.403396593587807217e-01 9.454287270775233454e-01 9.503580861210452202e-01 9.549931368525163000e-01 9.592429992286329865e-01 9.630478983972500240e-01 9.663944336187301198e-01 9.692897695745957831e-01 9.717838709116916052e-01 9.746719525353240154e-01 9.757351491983888847e-01 9.772616440589987352e-01 9.785011262762116635e-01 9.792847381070610702e-01 9.802736245643380864e-01 9.805954996828956105e-01 9.823183096867424968e-01
9.246331681188633134e-01 9.293782899607266890e-01 9.343961127534525790e-01 9.395533544145802107e-01 9.447003474218490515e-01 9.496889875500077460e-01 9.543825937598849896e-01 9.586864705122112307e-01 9.625424230698188532e-01 9.659342400684799435e-01 9.688701771235574967e-01 9.713999880862814740e-01 9.745587364691689070e-01 9.754089034237966027e-01 9.769585113406243915e-01 9.782186816829954168e-01 9.790595295604728188e-01 9.800282803728845860e-01 9.803618759713478292e-01 9.820887193420081429e-01
9.333609997516207901e-01 9.375490939214302655e-01 9.419810678778516300e-01 9.465395221682092464e-01 9.510923519534031367e-01 9.555092620474816556e-01 9.596707394913330802e-01 9.634842126213493119e-01 9.669052382382965494e-01 9.699146341261655202e-01 9.725165494043431780e-01 9.747626443866118651e-01 9.786422671264822792e-01 9.783115717129091671e-01 9.796767727667257120e-01 9.807758096468124354e-01 9.816977937628714734e-01 9.761511511546605568e-01 9.825342603038761391e-01 9.840832469748630462e-01
9.242650398110975329e-01 9.290417333648086640e-01 9.340912359881086147e-01 9.392789331108523099e-01 9.444541315510975865e-01 9.494680580119594371e-01 9.541832876296493238e-01 9.585060647491813191e-01 9.623763341388209547e-01 9.657804919894054096e-01 9.687266004362424798e-01 9.712649645033836210e-01 9.741907585286477822e-01 9.752872643362215932e-01 9.768419306828396431e-01 9.781061139937760052e-01 9.772120101859558261e-01 9.799186269822619533e-01 9.802588545350612304e-01 9.819994551364075175e-01
9.320371251324939266e-01 9.363158540808030894e-01 9.408420018371952409e-01 9.454952126746983820e-01 9.501411453770558513e-01 9.546461848575420461e-01 9.588860935348516579e-01 9.627756837490065722e-01 9.662609522804743722e-01 9.693273312232816297e-01 9.719804234967581724e-01 9.742665940759784871e-01 9.781781163354500430e-01 9.778848765330804271e-01 9.792780752132527189e-01 9.804024192361524559e-01 9.812910176508585769e-01 9.819962502730733567e-01 9.822207285395556653e-01 9.838141056144392715e-01
9.160903446292989472e-01 9.214014148516964653e-01 9.270116670650712098e-01 9.327697246105079998e-01 9.385078404608350189e-01 9.440600158551681886e-01 9.492752033507060316e-01 9.540501383204228469e-01 9.583234160049874939e-01 9.620788313618273691e-01 9.653290275094569273e-01 9.681292855371639305e-01 9.705208769993181050e-01 9.725711988162138999e-01 9.742939054168977542e-01 9.757010280531949187e-01 9.746612152264579887e-01 9.777386808894527048e-01 9.782006210491852594e-01 9.804848789275228960e-01
9.270670291389531137e-01 9.316652232004440926e-01 9.365267922320599236e-01 9.415226354491487148e-01 9.465076075012190948e-01 9.513384438012612021e-01 9.558825884383224114e-01 9.600487541277172854e-01 9.637809139033159944e-01 9.670634651620884092e-01 9.699040544036013900e-01 9.723515526554088462e-01 9.763309619500716297e-01 9.762291763715233994e-01 9.777261938349275372e-01 9.789411883695399164e-01 9.797707998945822672e-01 9.806766260179299310e-01 9.809759594868431298e-01 9.826635392030907967e-01
9.208440309194557694e-01 9.258311525142518539e-01 9.311032977843328728e-01 9.365200670478844858e-01 9.419238359875855560e-01 9.471594270278324013e-01 9.520834346557154326e-01 9.565967958333063681e-01 9.606396309206266526e-01 9.641952297739385669e-01 9.672731431286595294e-01 9.699251564568643902e-01 9.729471500222665048e-01 9.741303500675376759e-01 9.757586668466390334e-01 9.770857968838542185e-01 9.761919482630981859e-01 9.790030307422210587e-01 9.793925433111989598e-01 9.811928753695315919e-01
9.278817247430349857e-01 9.324123459242993350e-01 9.372060080638980883e-01 9.421354801407395563e-01 9.470585259629727970e-01 9.518332726273028843e-01 9.563283670369531198e-01 9.604526917486209125e-01 9.641496034408401083e-01 9.674025572503609505e-01 9.702184579386167185e-01 9.726447791448469271e-01 9.766711332349323760e-01 9.764874715021545359e-01 9.779705967367524622e-01 9.791733369732401604e-01 9.800810172165544953e-01 9.808943385755569677e-01 9.811799277203909764e-01 9.828370040053935330e-01
9.347918914913858623e-01 9.388895966319881214e-01 9.432262432792182238e-01 9.476872042963124798e-01 9.521536189689875362e-01 9.564669109353830523e-01 9.605410094984868641e-01 9.642752698354083440e-01 9.676244348216365143e-01 9.705718487157783958e-01 9.731190270145937404e-01 9.753178684846716129e-01 9.791592305433639565e-01 9.787905653015377405e-01 9.801244846016139434e-01 9.811991384680843753e-01 9.821341327102776075e-01 9.766800136171048807e-01 9.827483989729310920e-01 9.844179626397033811e-01
9.314384848582775156e-01 9.357430557010154581e-01 9.402986063486479251e-01 9.449860227134123658e-01 9.496667577671795701e-01 9.542093100616242385e-01 9.584870480564012807e-01 9.624133526630026525e-01 9.659333582986507905e-01 9.690312875423749972e-01 9.717101324331173240e-01 9.740234916553139888e-01 9.779586523488800198e-01 9.776815669594891567e-01 9.790911081630919721e-01 9.802300421594133395e-01 9.811699502936426232e-01 9.755864385446483267e-01 9.819398854883140126e-01 9.836757893208887271e-01
9.245173351053398436e-01 9.292771228287974861e-01 9.343090513979468437e-01 9.394790345169975465e-01 9.446369138550969602e-01 9.496342583661250281e-01 9.543342375798335997e-01 9.586433017172157900e-01 9.625013407732981863e-01 9.658947720623869415e-01 9.688316986978050549e-01 9.713622266519761350e-01 9.742816989292545360e-01 9.753718500976592543e-01 9.769219770161133853e-01 9.781817529848582105e-01 9.789881503654275230e-01 9.799884471442921186e-01 9.803242330873889188e-01 9.820605106029155484e-01
9.259422554513582204e-01 9.306316016162267113e-01 9.355866161984187634e-01 9.406734597126389374e-01 9.457450482381026813e-01 9.506540107806631390e-01 9.552669002111218166e-01 9.594915035814525206e-01 9.632733308019650886e-01 9.665971984968972919e-01 9.694723976050545478e-01 9.719497010295111705e-01 9.748227078751898755e-01 9.758743759925866401e-01 9.773900623831841550e-01 9.786189306155773648e-01 9.776560618233817168e-01 9.803730295041699350e-01 9.806917265559170760e-01 9.824178334114568312e-01
9.299197918560295761e-01 9.343259663489682509e-01 9.389881067504415313e-01 9.437822150167691770e-01 9.485697132171526658e-01 9.532132075583999997e-01 9.575844881027358868e-01 9.615952758107451093e-01 9.651893275741200151e-01 9.683514022129150467e-01 9.710879926774371729e-01 9.734457876126023645e-01 9.774172138781230812e-01 9.771793617912873930e-01 9.786178941410346166e-01 9.797825509071093064e-01 9.806869214818290104e-01 9.814410612806051537e-01 9.815553724566997706e-01 9.833148858368552236e-01
9.289428793836681519e-01 9.334146396524738432e-01 9.381454348622457751e-01 9.430062680296196209e-01 9.478592197751514181e-01 9.525639030920119987e-01 9.569903164591976319e-01 9.610489687214474053e-01 9.646866260279575167e-01 9.678873127557614531e-01 9.706574463403735420e-01 9.730442853685943305e-01 9.769816509955198125e-01 9.768234060750028425e-01 9.782810244939256217e-01 9.794615827676925734e-01 9.803348356632095584e-01 9.811443471014603679e-01 9.814178881897441808e-01 9.830605839734543050e-01
9.287877294176528631e-01 9.332734985601165434e-01 9.380166463689956213e-01 9.428912321954777687e-01 9.477569539041887925e-01 9.524704601754748756e-01 9.569058062773502238e-01 9.609726507998357370e-01 9.646160183293026602e-01 9.678204611623877351e-01 9.705933754232384247e-01 9.729824405896544404e-01 9.769746731795553307e-01 9.767656872058269046e-01 9.782250504652514334e-01 9.794069114531657183e-01 9.802496874309053476e-01 9.810906725294488151e-01 9.813648455285853833e-01 9.830206459216154213e-01
9.326939345632492273e-01 9.369414891973771864e-01 9.414325602395268167e-01 9.460475106573681403e-01 9.506526143237286064e-01 9.551159180802875071e-01 9.593142316671887659e-01 9.631636779313538232e-01 9.666116715950667793e-01 9.696441096102837998e-01 9.722673683092842856e-01 9.745273238497884627e-01 9.784146292440903947e-01 9.781032057718801465e-01 9.794792235063485286e-01 9.805884137679551360e-01 9.814296937170968738e-01 9.821540407106583714e-01 9.823703812816133585e-01 9.839516046296686858e-01
9.353608000124497002e-01 9.394201208750776466e-01 9.437160577329128941e-01 9.481357660119956732e-01 9.525510542448025753e-01 9.568348232754914084e-01 9.608727480900040030e-01 9.645728978389944697e-01 9.678917778804866368e-01 9.708130507233992956e-01 9.733379764702583259e-01 9.755144257185138779e-01 9.790983830762888251e-01 9.789546847487720083e-01 9.802728931716329086e-01 9.813282774512210871e-01 9.822723864439861785e-01 9.768871671661697453e-01 9.828603786833938205e-01 9.845277692278927573e-01
9.195985029115754106e-01 9.246755676357599762e-01 9.300412780708424698e-01 9.355495317979908299e-01 9.410424542088263733e-01 9.463619187245475572e-01 9.513604312403187713e-01 9.559407683307055148e-01 9.600418566796640185e-01 9.636475969815827547e-01 9.667682207417546136e-01 9.694577777485300363e-01 9.725145745952099574e-01 9.737227903402092544e-01 9.753752199512545351e-01 9.767226946371705409e-01 9.757693919817769235e-01 9.786700583668177522e-01 9.790815295160236742e-01 9.813002661093737089e-01
9.305755220690199447e-01 9.349465155995182464e-01 9.395699710860453413e-01 9.443230212132640577e-01 9.490683214198536444e-01 9.536694054996570635e-01 9.579994446946021869e-01 9.619711813260273248e-01 9.655302783943938705e-01 9.686612593477732513e-01 9.713706081920854274e-01 9.737049967645311499e-01 9.776552835440254219e-01 9.774003517610567737e-01 9.788241924436614783e-01 9.799754093770303154e-01 9.808567967478620808e-01 9.816114580345781659e-01 9.818595502669169583e-01 9.834753236785472863e-01
9.349998908883913051e-01 9.391029158776467156e-01 9.434413002645916091e-01 9.478993111740225963e-01 9.523479144660897955e-01 9.566607450807179669e-01 9.607172141717537084e-01 9.644368416561552859e-01 9.677684210328812986e-01 9.706978284156640990e-01 9.732290479387147863e-01 9.754144150819048509e-01 9.792384498862928277e-01 9.788641188471562948e-01 9.801887015568958583e-01 9.812542958716621300e-01 9.821007632229161732e-01 9.827445387384847741e-01 9.829251164480240499e-01 9.844675233504613932e-01
9.191998550204637519e-01 9.242918594989920633e-01 9.296746624545291215e-01 9.352045546763789741e-01 9.407207542602402661e-01 9.460644333313212861e-01 9.510899843337629056e-01 9.556961567265794821e-01 9.598214021582155420e-01 9.634490882914362730e-01 9.665899189865213570e-01 9.692967817467075253e-01 9.723685941806677890e-01 9.735898504813983445e-01 9.752532177543992153e-01 9.766112710669896391e-01 9.757029012792709510e-01 9.785769541021266393e-01 9.789919495752713585e-01 9.808189035578068760e-01
9.275075292098611257e-01 9.320719027671883206e-01 9.368990822365704796e-01 9.418610617238909466e-01 9.468149697702121781e-01 9.516150364278198603e-01 9.561327195998666761e-01 9.602758060548212127e-01 9.639880917385965642e-01 9.672536072403742358e-01 9.700798312457685757e-01 9.725150215323807856e-01 9.765458561745328225e-01 9.763722277752368006e-01 9.778608883908536109e-01 9.790686011865638028e-01 9.799290213243715408e-01 9.807942838591828805e-01 9.810865391326908380e-01 9.827605074169445398e-01
9.305357146358876896e-01 9.349074851560962296e-01 9.395321088770344220e-01 9.442867511886459120e-01 9.490340380408206489e-01 9.536374631027239035e-01 9.579701302273656571e-01 9.619445917801674462e-01 9.655063233469852735e-01 9.686397632751698739e-01 9.713514225331456586e-01 9.736877609353372653e-01 9.776401180099162369e-01 9.773862367080405900e-01 9.788113416302545167e-01 9.799637922738966278e-01 9.808530865965250367e-01 9.816021931025092906e-01 9.818507157235938365e-01 9.834654858511193698e-01
9.290843100165772084e-01 9.335369914503583999e-01 9.382487136482843271e-01 9.430946309266097227e-01 9.479348070310578134e-01 9.526305877237958297e-01 9.570517991600301366e-01 9.611085084707053916e-01 9.647453738212543595e-01 9.679443491664851962e-01 9.707131099806437513e-01 9.730982716588384429e-01 9.770919173892647080e-01 9.768738611043752407e-01 9.783312670782398079e-01 9.795120950906585078e-01 9.804381157344923547e-01 9.811989798987281741e-01 9.814667416673866773e-01 9.831004176721291898e-01
9.263363565711987269e-01 9.309696237352560466e-01 9.358707381507517242e-01 9.409107115965774648e-01 9.459436969975182352e-01 9.508222195236890606e-01 9.554140910772336293e-01 9.596261082576449386e-01 9.634005709208577350e-01 9.667208736419194981e-01 9.695949599388798967e-01 9.720717727203629366e-01 9.761374069261059550e-01 9.759954031859535695e-01 9.775106328849872961e-01 9.787413943275534711e-01 9.796206139488695674e-01 9.805043128190368273e-01 9.808122621325376933e-01 9.825009775247827148e-01
9.321532903522801172e-01 9.364173500788829374e-01 9.409292992277168421e-01 9.455714103633420242e-01 9.502049924084148280e-01 9.547013999506076543e-01 9.589347939321072323e-01 9.628196691808494911e-01 9.663018721377575337e-01 9.693661738688116314e-01 9.720154598903048004e-01 9.743032802433170270e-01 9.782162251517519946e-01 9.779199471085452400e-01 9.793126186039494696e-01 9.804366571755520621e-01 9.813602142870601064e-01 9.820319810953441753e-01 9.822544435100400984e-01 9.838354461994208711e-01
9.291257718871784865e-01 9.335952282700978877e-01 9.383207353856333199e-01 9.431764010223110395e-01 9.480227528405396065e-01 9.527163678690291349e-01 9.571323275259453478e-01 9.611798719618589448e-01 9.648052276059772003e-01 9.679928131772134181e-01 9.707506482439126616e-01 9.731269504856709940e-01 9.771089034308721999e-01 9.768906697826930108e-01 9.783419945223827963e-01 9.795171243465724542e-01 9.803493583264495381e-01 9.811883645686809707e-01 9.813157437480204415e-01 9.831068940328876460e-01
9.266944166534900607e-01 9.312936194850935934e-01 9.361609635152713382e-01 9.411675646872865730e-01 9.461688525702699470e-01 9.510208964802528975e-01 9.555898773209096086e-01 9.597830303550083375e-01 9.635430448857571495e-01 9.668511529772271240e-01 9.697157532003146674e-01 9.721844967691962713e-01 9.762471817324225309e-01 9.760963515774830901e-01 9.776074041903217715e-01 9.788348198957169677e-01 9.797666111658195343e-01 9.805969917225524357e-01 9.808987643047712979e-01 9.825703834075171228e-01
9.262008075644820870e-01 9.308444252355849713e-01 9.357562661752233391e-01 9.408061977234752904e-01 9.458489420445800322e-01 9.507360389157656355e-01 9.553366513576301289e-01 9.595565720868685089e-01 9.633381113574477350e-01 9.666650604335323971e-01 9.695448489534201908e-01 9.720260520501479151e-01 9.760952478617264116e-01 9.759567393300405680e-01 9.774745588299965648e-01 9.787066485761547474e-01 9.795843610133361246e-01 9.804736912432807650e-01 9.807834105414457992e-01 9.824757184676671251e-01
9.309850007524494986e-01 9.353239338763513766e-01 9.399148054691319754e-01 9.446358247673163344e-01 9.493507662681828219e-01 9.539240072635181145e-01 9.582293445893262929e-01 9.621797424366697049e-01 9.657206464817551517e-01 9.688362721701078151e-01 9.715326327542721518e-01 9.738560170452562614e-01 9.777993480835134310e-01 9.775339361822806827e-01 9.789513262079959643e-01 9.800966947400918672e-01 9.810077439571258662e-01 9.817254728955571164e-01 9.819651473189275892e-01 9.835710499778398397e-01
9.267247515609684516e-01 9.313563225376636501e-01 9.362507966181439212e-01 9.412776738545579613e-01 9.462905812774867753e-01 9.511457214583758368e-01 9.557099741630316059e-01 9.598933606157211695e-01 9.636379759742462747e-01 9.669310809024068698e-01 9.697802836519804348e-01 9.722352853206525092e-01 9.750913324086462053e-01 9.761249188794384191e-01 9.776259047700316396e-01 9.788431650453001120e-01 9.796124927868945509e-01 9.805788593662726482e-01 9.808844227733101162e-01 9.825908654390833608e-01
9.247547987416800952e-01 9.295018487261695883e-01 9.345197696267412146e-01 9.396749306954476078e-01 9.448175186818321691e-01 9.497995954063777058e-01 9.544848168581157033e-01 9.587796445939139600e-01 9.626255603771306513e-01 9.660079655020992195e-01 9.689350909185542315e-01 9.714571090575793155e-01 9.743692735454624332e-01 9.754532667761142140e-01 9.769985270638871233e-01 9.782533492600877789e-01 9.790513764051929080e-01 9.800532798290110259e-01 9.803864033648661547e-01 9.821202388834305852e-01
9.232562528214534048e-01 9.280812752845484237e-01 9.331847225315620387e-01 9.384310959307877731e-01 9.436684347746293611e-01 9.487457843141945402e-01 9.535239623969488099e-01 9.579063761029269486e-01 9.618333996525452179e-01 9.652882344495224975e-01 9.682795470826655038e-01 9.708565235274573268e-01 9.740554453187625361e-01 9.749415578205518074e-01 9.765212068824760117e-01 9.778074374626924969e-01 9.786712161858140968e-01 9.796602982608398902e-01 9.800120566548635725e-01 9.817554746866983262e-01
9.230370801066380970e-01 9.278879998484713676e-01 9.330162376967441329e-01 9.382854582100050855e-01 9.435421970461271846e-01 9.486355570167691598e-01 9.534259283088704073e-01 9.578173166594839971e-01 9.617504154222400459e-01 9.652096018588164350e-01 9.682034597353771366e-01 9.707829634462825652e-01 9.737436702999064941e-01 9.748715744893972079e-01 9.764526480098142391e-01 9.777404376583296308e-01 9.768529320535590532e-01 9.795914675038154273e-01 9.799488643391705001e-01 9.817090548192168864e-01
9.298293758071562998e-01 9.342444551042982104e-01 9.389147147963817774e-01 9.437164338422378007e-01 9.485107962998305942e-01 9.531597378685314759e-01 9.575353746943218169e-01 9.615491615099156508e-01 9.651463982966381749e-01 9.683107576306804187e-01 9.710493822811677722e-01 9.734086980851710535e-01 9.773795767604571694e-01 9.771438202332346501e-01 9.785831836480841650e-01 9.797482863276570919e-01 9.806357737658324414e-01 9.814041048985289173e-01 9.816609707576419153e-01 9.832858038417645608e-01
9.303074213435813533e-01 9.346882974147834311e-01 9.393234876023878188e-01 9.440902585529424851e-01 9.488508639633141950e-01 9.534684335876274508e-01 9.578155301943193090e-01 9.618042068965386715e-01 9.653792840226650407e-01 9.685249420592162428e-01 9.712475806631046815e-01 9.735934448852986423e-01 9.775550819866344332e-01 9.773072739783796870e-01 9.787386182044814920e-01 9.798964800741306602e-01 9.808090082186314840e-01 9.815448391812278128e-01 9.816537444606610041e-01 9.834085854484461153e-01
9.282217645433553654e-01 9.327329356220901424e-01 9.375059232937856812e-01 9.424133673140665524e-01 9.473138240508434116e-01 9.520661213007001189e-01 9.565394720522042427e-01 9.606428614095727792e-01 9.643206346126275141e-01 9.675567814494600016e-01 9.703580725928915296e-01 9.727719063296779156e-01 9.767878232728290921e-01 9.765937738325656259e-01 9.780700583782274693e-01 9.792658452536161517e-01 9.801655985023121076e-01 9.809751056290439974e-01 9.812559025741186547e-01 9.829081012231292158e-01
9.258111513299930317e-01 9.304800868341402964e-01 9.354185269047973206e-01 9.404956476371294505e-01 9.455639313032387916e-01 9.504777619812816436e-01 9.551020908837579704e-01 9.593435987797894748e-01 9.631440113053865160e-01 9.664872487722225847e-01 9.693812316254933892e-01 9.718739174648193258e-01 9.758786564157763133e-01 9.758244022293998121e-01 9.773507642061396439e-01 9.785909405357494650e-01 9.794627967196886109e-01 9.803684334612704498e-01 9.806838380389546472e-01 9.823822978249437954e-01
9.325040276847572640e-01 9.367514467496251829e-01 9.412448851857527776e-01 9.458649987098954881e-01 9.504782355281833350e-01 9.549522715236227199e-01 9.591633485610485677e-01 9.630267193319288488e-01 9.664889417091920842e-01 9.695350429160898287e-01 9.721682150496214758e-01 9.744418991812006103e-01 9.783418429065438016e-01 9.780358963040941545e-01 9.794190379332142760e-01 9.805350702353572423e-01 9.814333949250825251e-01 9.821155214773698017e-01 9.823335706896844099e-01 9.839061025672952709e-01
9.302978445172186417e-01 9.347137704251540224e-01 9.393791184588100585e-01 9.441692084110580030e-01 9.489443068010700033e-01 9.535679087564812306e-01 9.579127357897776474e-01 9.618929285203827728e-01 9.654556642127124499e-01 9.685869885590173700e-01 9.712953411906933843e-01 9.736278929610600041e-01 9.764584375896981916e-01 9.773195313529928763e-01 9.787414072121551900e-01 9.798901308425994605e-01 9.806365027820113101e-01 9.815140630597447569e-01 9.817663137646260862e-01 9.834151772736753339e-01
9.239127399164065446e-01 9.286968370224004676e-01 9.337570737147957711e-01 9.389592691531376545e-01 9.441523990411200273e-01 9.491872090364825709e-01 9.539253446887819843e-01 9.582711882775306611e-01 9.621653649368404615e-01 9.655914313780874503e-01 9.685577387984517506e-01 9.711130347890086778e-01 9.742570427120115228e-01 9.751632559865135441e-01 9.767293343745057088e-01 9.780035956345157766e-01 9.788701141462466948e-01 9.798364081839371353e-01 9.801782258655394875e-01 9.819106725205245523e-01
9.272358656519064102e-01 9.318237535229937363e-01 9.366744144733623045e-01 9.416589428884567514e-01 9.466325766613831183e-01 9.514524011716627427e-01 9.559861464859218394e-01 9.601427849973971362e-01 9.638662668309987414e-01 9.671411666972349330e-01 9.699752395227393409e-01 9.724170390039980072e-01 9.763541571784136730e-01 9.762854073818125755e-01 9.777786678156352718e-01 9.789903192349836969e-01 9.798191127616157070e-01 9.807205555336767633e-01 9.810173985463390700e-01 9.827029034188827783e-01
9.310424541502682061e-01 9.353835027070805941e-01 9.399754341478764319e-01 9.446962283076791866e-01 9.494095641470319258e-01 9.539798774400573000e-01 9.582811728182041300e-01 9.622268185881169833e-01 9.657626438157739246e-01 9.688732536203535917e-01 9.715649315658385632e-01 9.738841175704135988e-01 9.778223984779473854e-01 9.775552806178319232e-01 9.789697782947145432e-01 9.801127026307893120e-01 9.809972398338391297e-01 9.817356625005699833e-01 9.819775880275007918e-01 9.835859752543903989e-01
9.220678128653670980e-01 9.269746814829882275e-01 9.321628775243090415e-01 9.374943660692158787e-01 9.428141975828183696e-01 9.479693881687359935e-01 9.528187206060051428e-01 9.572648505950266395e-01 9.612475291660713683e-01 9.647507071264618261e-01 9.677831303039448052e-01 9.703962122556488712e-01 9.733857037091275810e-01 9.745388825038494574e-01 9.761418168650398686e-01 9.774471128037582890e-01 9.765745083777966906e-01 9.793303192491756848e-01 9.797007487793203406e-01 9.814755376116272023e-01
9.258708008646320264e-01 9.305484662952715480e-01 9.354935456968744845e-01 9.405744677932619258e-01 9.456436855623508997e-01 9.505553222346191378e-01 9.551748675657488752e-01 9.594094100226246979e-01 9.632020504058046440e-01 9.665370543295486172e-01 9.694228970085354558e-01 9.719092702873940448e-01 9.750310084619040474e-01 9.758489051344144682e-01 9.773706050818145030e-01 9.786062539526766413e-01 9.794200221106431625e-01 9.803735415346470639e-01 9.806898732673571262e-01 9.824000758734896532e-01
9.302979674888075534e-01 9.346829665280538268e-01 9.393217381128950993e-01 9.440913260666259355e-01 9.488539742746752159e-01 9.534726054348316993e-01 9.578199627226544610e-01 9.618081741762313230e-01 9.653823816742458375e-01 9.685269957260997931e-01 9.712483771275324251e-01 9.735930054004563461e-01 9.775527404466068937e-01 9.773042086967034248e-01 9.787357376935353903e-01 9.798927996943553875e-01 9.807887644143939987e-01 9.815389972800895313e-01 9.817928060604437235e-01 9.834072210856907859e-01
9.307337485976989733e-01 9.350903879791738760e-01 9.396996290803231178e-01 9.444390602662087186e-01 9.491719458903252749e-01 9.537621147662811438e-01 9.580828950950902589e-01 9.620472120188151566e-01 9.656000579191464928e-01 9.687261625365415352e-01 9.714314804055832475e-01 9.737625399138816196e-01 9.777115124981980987e-01 9.774526599969235452e-01 9.788746029806328908e-01 9.800243358082336709e-01 9.809272508457873574e-01 9.816592370775713006e-01 9.819052966913001113e-01 9.835146659802587177e-01
9.249360402606883191e-01 9.296668938212705458e-01 9.346704738619883157e-01 9.398109438610739996e-01 9.449398156151782580e-01 9.499096717045837357e-01 9.545842509857997982e-01 9.588698915725814009e-01 9.627087292504212801e-01 9.660850085743184490e-01 9.690070892746690534e-01 9.715250676618945036e-01 9.746730063710233871e-01 9.755149000142933069e-01 9.770573886085609505e-01 9.783113465986739143e-01 9.791292675085926378e-01 9.801076742494363447e-01 9.804371603612919150e-01 9.821624846938854514e-01
9.293838410389466675e-01 9.338156045138060746e-01 9.385057405294187083e-01 9.433304398413514535e-01 9.481500716545447904e-01 9.528262423122564329e-01 9.572297213585454490e-01 9.612712154668936471e-01 9.648944358569400137e-01 9.680825741962748587e-01 9.708424955113674759e-01 9.732203991303626234e-01 9.772092185836417366e-01 9.769843067268192405e-01 9.784363703634467724e-01 9.796095952045944522e-01 9.805441788025786032e-01 9.812857707680721076e-01 9.815494578406603887e-01 9.831735420799952996e-01
9.272908182901807850e-01 9.318683642015791468e-01 9.367113659118903035e-01 9.416884462681611723e-01 9.466560592687548459e-01 9.514714887006608945e-01 9.560024579399596378e-01 9.601576023739805121e-01 9.638806114308628992e-01 9.671555401871249069e-01 9.699900545660476991e-01 9.724323905314825600e-01 9.764687506189261290e-01 9.763011459843168316e-01 9.777949778266762371e-01 9.790067000510754847e-01 9.798640308092680939e-01 9.807395832848947448e-01 9.810348068339792560e-01 9.827133512422754347e-01
