8.985847792761595398e-01 9.049646963046943382e-01 9.117055277212087194e-01 9.186261450995235611e-01 9.255242346765841788e-01 9.322006611560910150e-01 9.384747760117970738e-01 9.442214795352907863e-01 9.493657044859549199e-01 9.538888180697605579e-01 9.578047693163632692e-01 9.611827515713213810e-01 9.640719219446267640e-01 9.665486978949139329e-01 9.686399809610355405e-01 9.715336370736781246e-01 9.692673042154968943e-01 9.729108379980054844e-01 9.736299047194777456e-01 9.761606631775732179e-01
9.041872998069026002e-01 9.102014431777336601e-01 9.165598120849155483e-01 9.230924354476655047e-01 9.296089187406189058e-01 9.359212006651155269e-01 9.418576462254922843e-01 9.472985048258055762e-01 9.521720624186221782e-01 9.564585622544853338e-01 9.601713622412895166e-01 9.633714747658125299e-01 9.661077449589213773e-01 9.684539369911389084e-01 9.704317320440761785e-01 9.720609089817033865e-01 9.710980143084662064e-01 9.744533955300448413e-01 9.750801567683468063e-01 9.775067056634365592e-01
9.014070186095243242e-01 9.076022593817347772e-01 9.141500294623959855e-01 9.208748298064780569e-01 9.275804962179858837e-01 9.340732327726793960e-01 9.401771233324156540e-01 9.457701320647875498e-01 9.507771784347145427e-01 9.551809113333781243e-01 9.589935132559934683e-01 9.622822317719427199e-01 9.650940506536274111e-01 9.675042382108095529e-01 9.695381240438926129e-01 9.723727932664933959e-01 9.701873169785392159e-01 9.736806125093867559e-01 9.743515050988815762e-01 9.768304590171552615e-01
8.986919187239882367e-01 9.050651806902632046e-01 9.117989275622975232e-01 9.187123160684009804e-01 9.256032045895961069e-01 9.322726957645236512e-01 9.385403123264076664e-01 9.442810323764058156e-01 9.494199310564264138e-01 9.539383989507750350e-01 9.578502867077468563e-01 9.612247216217043588e-01 9.641108503846471667e-01 9.665849996537240196e-01 9.686740664180422122e-01 9.715655518673406155e-01 9.693005350772055939e-01 9.729401651776738991e-01 9.736572294069379963e-01 9.761870266113839012e-01
9.007308279072635537e-01 9.069776563784729406e-01 9.135778287118822005e-01 9.203541704615854080e-01 9.271086021836641988e-01 9.336462229806715696e-01 9.397900036028260518e-01 9.454173934740437435e-01 9.504548521770038727e-01 9.548840439777890321e-01 9.587183021566212382e-01 9.620256272283826959e-01 9.648536186304693674e-01 9.672781555373058948e-01 9.693239897690895113e-01 9.721745538770215633e-01 9.699303512145699413e-01 9.734931857628420504e-01 9.741784851786787769e-01 9.766765992960033671e-01
9.012076905791882586e-01 9.074225527985302353e-01 9.139895271906186558e-01 9.207323074826593290e-01 9.274539738866520722e-01 9.339605215297090979e-01 9.400757016577194758e-01 9.456771992892024636e-01 9.506919170302463584e-01 9.551012624469892298e-01 9.589183854338918511e-01 9.622110052859716989e-01 9.650261898879932687e-01 9.674393223132891073e-01 9.694754422575978525e-01 9.723158530425339841e-01 9.700889678755849621e-01 9.736222788555836116e-01 9.742994463353203960e-01 9.767867260259609496e-01
9.018873874071954289e-01 9.080521103029508545e-01 9.145689189977497247e-01 9.212598217154914781e-01 9.279328505753885459e-01 9.343942390602496539e-01 9.404685981267223438e-01 9.460349248732636829e-01 9.510177456532190599e-01 9.554004188113169871e-01 9.591959350949564866e-01 9.624668541637770858e-01 9.652637084191207917e-01 9.676621373354967748e-01 9.696841376568816617e-01 9.725087699826324705e-01 9.703314193599031912e-01 9.738058756943713812e-01 9.744702260178851327e-01 9.769413679127091354e-01
9.040916734545039191e-01 9.101115214380121055e-01 9.164758841997414640e-01 9.230148243069290492e-01 9.295376053018817863e-01 9.358560373924537101e-01 9.417983470106775501e-01 9.472445825662673125e-01 9.521229363051977312e-01 9.564136971633300233e-01 9.601301883419672833e-01 9.633334344264388172e-01 9.660724097479885808e-01 9.684207485430166296e-01 9.704007678913367796e-01 9.720313682855690196e-01 9.710689736686561879e-01 9.744265835637897499e-01 9.750539891548090088e-01 9.774826291417262336e-01
8.974395830329358059e-01 9.038953242004371669e-01 9.107153856942710179e-01 9.177168857570154881e-01 9.246926918261774153e-01 9.314439353711893022e-01 9.377873024066761820e-01 9.435964113271287923e-01 9.487958739740888214e-01 9.533670670557062854e-01 9.573245979237762215e-01 9.607382422928850696e-01 9.636581222107585276e-01 9.661608912175302377e-01 9.682749606603980874e-01 9.711914228844797936e-01 9.688890008681046995e-01 9.725942553607096475e-01 9.733333221164992555e-01 9.758867109785209770e-01
9.021674621750974676e-01 9.083163290402993528e-01 9.148159620916255230e-01 9.214887503346413933e-01 9.281432520325876290e-01 9.345864176628864151e-01 9.406434523359034072e-01 9.461930472871297182e-01 9.511611409203913903e-01 9.555292157357365701e-01 9.593126461807648386e-01 9.625722805371482726e-01 9.653606474267885096e-01 9.677515763213558886e-01 9.697688483693748251e-01 9.725891857046465860e-01 9.704070546479556247e-01 9.738771023102064106e-01 9.745378996862851251e-01 9.770059296315559694e-01
9.026453472820686885e-01 9.087563276969927717e-01 9.152159400516842735e-01 9.218513141865199989e-01 9.284689157649071989e-01 9.348777053295623807e-01 9.409037196038516626e-01 9.464258414742245940e-01 9.513709597009095686e-01 9.557205168898990078e-01 9.594879096202573177e-01 9.627349286789657068e-01 9.655119772278965007e-01 9.678936725849971445e-01 9.699022966360907327e-01 9.727123931131419488e-01 9.705620151451788136e-01 9.739933855266296181e-01 9.746455210741923336e-01 9.771020842654835059e-01
9.023132220796327152e-01 9.084536311867255076e-01 9.149440875872912882e-01 9.216072853722188096e-01 9.282521033003102717e-01 9.346856887623660182e-01 9.407329095437104716e-01 9.462742068236602577e-01 9.512329157873460339e-01 9.555953033112319916e-01 9.593707501843925511e-01 9.626259914000000473e-01 9.654112362731648300e-01 9.677988038089778700e-01 9.698126806454211435e-01 9.726303772409767845e-01 9.704459676144370217e-01 9.739135220702194173e-01 9.745721183490039241e-01 9.770386171696888722e-01
8.983878321150485791e-01 9.047852080185919688e-01 9.115435387127616140e-01 9.184806521512073330e-01 9.253939338920507129e-01 9.320838401449724753e-01 9.383693763976412860e-01 9.441256137733775589e-01 9.492775852673269732e-01 9.538070316038428365e-01 9.577283434277171770e-01 9.611107526676947455e-01 9.640038011922159589e-01 9.664835992643288076e-01 9.685775396043533325e-01 9.714760408757342480e-01 9.691801785659481805e-01 9.728536120780201246e-01 9.735768857011187771e-01 9.761154484486730398e-01
9.052133120186481863e-01 9.111610198144138861e-01 9.174514436534928485e-01 9.239138583348432965e-01 9.303608852617087921e-01 9.366064467727731602e-01 9.424806960851918047e-01 9.478649973707491405e-01 9.526881357241689940e-01 9.569305261719017741e-01 9.606050555901667343e-01 9.637721618688076530e-01 9.664802034447197432e-01 9.688023192712200693e-01 9.707592507522762038e-01 9.723703417448387176e-01 9.714230279043954974e-01 9.747358117428877033e-01 9.753468336838930774e-01 9.777571012405932294e-01
8.994610813839384322e-01 9.057907292100259022e-01 9.124775323088156753e-01 9.193417084829565988e-01 9.261825547585774698e-01 9.328026195515833896e-01 9.390228173833686798e-01 9.447194130432509107e-01 9.498182175499751967e-01 9.543010322359954944e-01 9.581817696159662390e-01 9.615293464861315309e-01 9.643920858816551478e-01 9.668464870746510398e-01 9.689180264200526471e-01 9.717947681185735709e-01 9.695154426014844784e-01 9.731440441911883843e-01 9.738513779187630837e-01 9.763726206117099293e-01
9.014750638658252102e-01 9.076641650376511272e-01 9.142059357273140119e-01 9.209250058772666669e-01 9.276253918467223247e-01 9.341135065143781890e-01 9.402133964725641890e-01 9.458031914059975565e-01 9.508074923574832971e-01 9.552089909158241188e-01 9.590197185994580042e-01 9.623067479568891969e-01 9.651173674349591280e-01 9.675265558761219076e-01 9.695584916073193282e-01 9.723923119080308819e-01 9.702156400348360688e-01 9.736993113882629336e-01 9.743690158123737843e-01 9.768455397858447631e-01
9.021009422039064640e-01 9.082530014877114866e-01 9.147562925771156594e-01 9.214330189369308588e-01 9.280916872502293913e-01 9.345392581940441534e-01 9.406005602338763927e-01 9.461538012320990232e-01 9.511258962083342094e-01 9.554983077689123139e-01 9.592846381039985548e-01 9.625471677204692211e-01 9.653376642365334437e-01 9.677296581203375103e-01 9.697485822919236220e-01 9.725700970044519611e-01 9.703919801685760849e-01 9.738608344385503157e-01 9.745222141516467484e-01 9.769905421123793454e-01
9.035396083337599027e-01 9.095958752453133789e-01 9.159982391610498320e-01 9.225754461082106284e-01 9.291359372819598672e-01 9.354900528970200302e-01 9.414653643183905629e-01 9.469404745386557076e-01 9.518444849654137396e-01 9.561568763165707585e-01 9.598924649689812849e-01 9.631111672781567101e-01 9.658625168165040353e-01 9.682231798467821893e-01 9.702139975866865829e-01 9.718542248651830251e-01 9.708781131181118962e-01 9.742652123279855747e-01 9.749026121790796973e-01 9.773424515578202909e-01
8.959213951752520444e-01 9.024749368209664668e-01 9.093970585160473519e-01 9.165006608621590889e-01 9.235788852576483077e-01 9.304258176872883812e-01 9.368580641782430218e-01 9.427474920862296548e-01 9.480181302285168865e-01 9.526518179736737091e-01 9.566633766850428655e-01 9.601243617376336026e-01 9.630847773039380444e-01 9.656242727537986958e-01 9.677695323696694496e-01 9.707185694479917304e-01 9.683655950516493194e-01 9.721591104077116352e-01 9.729247376382312851e-01 9.755081860238851155e-01
8.997847353030132833e-01 9.060893058329688721e-01 9.127506949405593817e-01 9.195899837421861456e-01 9.264072718505653725e-01 9.330058200505744193e-01 9.392069523586983326e-01 9.448870090158253410e-01 9.499717081155648613e-01 9.544425838088373970e-01 9.583131341406075920e-01 9.616520305132427726e-01 9.645070517712033276e-01 9.669553311351087865e-01 9.690213664904686608e-01 9.718909768631108781e-01 9.696413481447386795e-01 9.732363665475374237e-01 9.739370063360189844e-01 9.764491207746744950e-01
9.050655738116799576e-01 9.110228470168969528e-01 9.173229364062862601e-01 9.237954407919938271e-01 9.302524455004184123e-01 9.365076239448685280e-01 9.423908479751111900e-01 9.477831802587403098e-01 9.526137281896207565e-01 9.568624998800191461e-01 9.605425810401871933e-01 9.637144971427408224e-01 9.664266723710001061e-01 9.687523474194282835e-01 9.707123990210093645e-01 9.723261109576533112e-01 9.713770599453717125e-01 9.746959176057108376e-01 9.753091986735397123e-01 9.777222152801330335e-01
9.024009104113005497e-01 9.085295776348004670e-01 9.150078405850906593e-01 9.216621380788321272e-01 9.282981014748935555e-01 9.347238429334183696e-01 9.407651911836661940e-01 9.463002596964775748e-01 9.512573931252283899e-01 9.556180070990512032e-01 9.593952459147685463e-01 9.626506718283905917e-01 9.654349153018786378e-01 9.678226158308035343e-01 9.698361919192186598e-01 9.726511911346312766e-01 9.704969629996746949e-01 9.739375078403406105e-01 9.745932857957685380e-01 9.770532393999250553e-01
8.975431281232263414e-01 9.039936048027303883e-01 9.108079181079584696e-01 9.178031675754817487e-01 9.247725279770941942e-01 9.315172301802350230e-01 9.378541239006444874e-01 9.436572203660803515e-01 9.488511198378458689e-01 9.534173129687063541e-01 9.573702995408904792e-01 9.607801873185178865e-01 9.636967514394381151e-01 9.661965911897276715e-01 9.683083631260863688e-01 9.712227441150066420e-01 9.689159343071106489e-01 9.726215624098173418e-01 9.733594338304071281e-01 9.759121919719807581e-01
8.992345878971871320e-01 9.055764422191624474e-01 9.122765840325034459e-01 9.191550009283890876e-01 9.260103594820128237e-01 9.326450360954492425e-01 9.388793371182129199e-01 9.445890587574303776e-01 9.496998167626329312e-01 9.541933498160122262e-01 9.580833357172687803e-01 9.614389231526202506e-01 9.643085590198647861e-01 9.667685272555807119e-01 9.688456891053024433e-01 9.717267840865696504e-01 9.694532582821088207e-01 9.730841839925491454e-01 9.737942073192814574e-01 9.763174489429157221e-01
8.975270693732972926e-01 9.039786861753617009e-01 9.107941223247716378e-01 9.177905456500697889e-01 9.247610241829019584e-01 9.315067867708852756e-01 9.378446236457542717e-01 9.436486134461237185e-01 9.488432477142857424e-01 9.534100910785285876e-01 9.573636246359125135e-01 9.607740381622194015e-01 9.636909705702390028e-01 9.661911332561942123e-01 9.683031388621441415e-01 9.712178997771040434e-01 9.689101732947149603e-01 9.726171098830953543e-01 9.733553724366031945e-01 9.759084278706612325e-01
9.008945339458590551e-01 9.071287171619694112e-01 9.137161540917987379e-01 9.204799350660759494e-01 9.272224901090577731e-01 9.337492350359778426e-01 9.398834090770148419e-01 9.455023543167641042e-01 9.505326815984422861e-01 9.549556438611824793e-01 9.587848039667268285e-01 9.620877377764178728e-01 9.649119174587932335e-01 9.673331198378216644e-01 9.693761354372240069e-01 9.722228674104193002e-01 9.699934163961162481e-01 9.735391587818975623e-01 9.742211207863722411e-01 9.767138752392655610e-01
9.027190975156734742e-01 9.088262760090971559e-01 9.152817204218059999e-01 9.219126435927202934e-01 9.285256315286380957e-01 9.349297828099238927e-01 9.409512742254121376e-01 9.464691262992400711e-01 9.514104734815367337e-01 9.557563514098179613e-01 9.595206398391034064e-01 9.627649613417712526e-01 9.655396819443026191e-01 9.679193715778473539e-01 9.699262597115421158e-01 9.727349952574073644e-01 9.705815865620623928e-01 9.740132549458038191e-01 9.746645050547391165e-01 9.771205820129531538e-01
8.999703448737902400e-01 9.062665422053854947e-01 9.129184359719819675e-01 9.197472550737705310e-01 9.265533542151287438e-01 9.331403487495812943e-01 9.393299186019904434e-01 9.449988315883445233e-01 9.500731373150239634e-01 9.545345889614502699e-01 9.583967633009770060e-01 9.617283558465720139e-01 9.645770820981267590e-01 9.670197938136926297e-01 9.690812482346198298e-01 9.719476532985018569e-01 9.696836710497953593e-01 9.732848674235479169e-01 9.739836971812292354e-01 9.764959049349051234e-01
8.994750768234052174e-01 9.057959764997384200e-01 9.124751991977967380e-01 9.193334258942861270e-01 9.261703086590261647e-01 9.327884858852181216e-01 9.390086645533587406e-01 9.447066865205787645e-01 9.498078271745153955e-01 9.542934234714772757e-01 9.581769684929641873e-01 9.615271958131323959e-01 9.643919545030948948e-01 9.668486344659931175e-01 9.689219357130239851e-01 9.717972726504087166e-01 9.695591903742253326e-01 9.731539836699325541e-01 9.738583005911259916e-01 9.763726178823337598e-01
9.020094242718681432e-01 9.081674084794091328e-01 9.146769978729762940e-01 9.213601362672058093e-01 9.280251902994780533e-01 9.344787766318722877e-01 9.405455859740131652e-01 9.461045867205135629e-01 9.510810341149192881e-01 9.554574712813522774e-01 9.592472959014907152e-01 9.625137231555566109e-01 9.653065473379642825e-01 9.677010213156201912e-01 9.697208027082042658e-01 9.725439490935009479e-01 9.703636121891844324e-01 9.738371752131661507e-01 9.744999939211184126e-01 9.769699490702945521e-01
8.974546202034273668e-01 9.039081798720788319e-01 9.107262395131080490e-01 9.177256080684237372e-01 9.247001960374385821e-01 9.314503528541756561e-01 9.377929057168459259e-01 9.436015525527878811e-01 9.488008314209326333e-01 9.533719136534619665e-01 9.573293410893126687e-01 9.607430818972990672e-01 9.636628467617858185e-01 9.661656372627128730e-01 9.682797970496885842e-01 9.711957397567936301e-01 9.689000811932674262e-01 9.725992887705368073e-01 9.733377254041937210e-01 9.758898321871916082e-01
9.029668064782094827e-01 9.090612792223325966e-01 9.155027751561645166e-01 9.221187932530816589e-01 9.287163105315487943e-01 9.351048917701638707e-01 9.411111950685057126e-01 9.466146799708695658e-01 9.515428154162889340e-01 9.558768321793164047e-01 9.596306667692484638e-01 9.628659052315976519e-01 9.656327862791721506e-01 9.680057217612680898e-01 9.700067737498921927e-01 9.728109399295979953e-01 9.706469893962921258e-01 9.740799544648210961e-01 9.747282575565546781e-01 9.771827637541748990e-01
9.003589441429432627e-01 9.066290116762973916e-01 9.132537333661170376e-01 9.200551489861206189e-01 9.268345177278711766e-01 9.333961677048480121e-01 9.395624369244494067e-01 9.452103872749135771e-01 9.502662037710537524e-01 9.547115082451870238e-01 9.585598016295880930e-01 9.618793956917282006e-01 9.647178022369096162e-01 9.671513238177303906e-01 9.692052270468688446e-01 9.720638446856277870e-01 9.698144958788933456e-01 9.733922646329760120e-01 9.740839956645352959e-01 9.765875762915915415e-01
9.053703696937477341e-01 9.113080999487496170e-01 9.175863482736743570e-01 9.240374881216750769e-01 9.304735389847230698e-01 9.367088053304790662e-01 9.425735984525679401e-01 9.479495078134868580e-01 9.527652123384503513e-01 9.570011099516869679e-01 9.606701627933907917e-01 9.638325420110289699e-01 9.665365328156079183e-01 9.688549847075215160e-01 9.708090991880478082e-01 9.724173013063921456e-01 9.714763062768337898e-01 9.747788428622885526e-01 9.753866671704238822e-01 9.777934853007060889e-01
9.007034131484951134e-01 9.069456412693085445e-01 9.135422769031277257e-01 9.203164013783660113e-01 9.270702789903580987e-01 9.336088485762361611e-01 9.397550252808294369e-01 9.453856241684275297e-01 9.504268821855335059e-01 9.548599793688360426e-01 9.586980296079309349e-01 9.620087323959736203e-01 9.648396571200197336e-01 9.672667188740380340e-01 9.693147998924361852e-01 9.721650011082948462e-01 9.699531048942982014e-01 9.734905450959594475e-01 9.741742165871132286e-01 9.766670437827325024e-01
8.991787063768481580e-01 9.055176094682974020e-01 9.122159576118300528e-01 9.190939203923673695e-01 9.259505020346855408e-01 9.325878181839416525e-01 9.388260783384764219e-01 9.445407016890421392e-01 9.496567719134044738e-01 9.541555541866971746e-01 9.580505462525972238e-01 9.614105571463975597e-01 9.642837637960051111e-01 9.667473586397885565e-01 9.688273263254264522e-01 9.717086420453192597e-01 9.694691462884766908e-01 9.730740524637424560e-01 9.737826106284228622e-01 9.763010730587747821e-01
9.011403470403248628e-01 9.073578473066180594e-01 9.139279507074827835e-01 9.206743256375107265e-01 9.273998405420514901e-01 9.339105501424072031e-01 9.400299554884602449e-01 9.456357220800241103e-01 9.506542483329775139e-01 9.550671997851576389e-01 9.588875397488951791e-01 9.621830636742587650e-01 9.650005504898580000e-01 9.674158947045363721e-01 9.694537535914506954e-01 9.722955304040217239e-01 9.700759070806116435e-01 9.736053222877589786e-01 9.742832212288402571e-01 9.767698136938797182e-01
9.004912803201227112e-01 9.067503452641570982e-01 9.133640057106561239e-01 9.201547635149204263e-01 9.269242138375448636e-01 9.334769747363862447e-01 9.396355143638137619e-01 9.452768798198721845e-01 9.503272403215670128e-01 9.547679679494229799e-01 9.586124908969871905e-01 9.619288201589759613e-01 9.647644083934746595e-01 9.671955441514045182e-01 9.692472947772672320e-01 9.721024433346842075e-01 9.698694125968460034e-01 9.734301066195852892e-01 9.741189197821841228e-01 9.766179664774793379e-01
8.987498414727879137e-01 9.051229918142242870e-01 9.118560031558622381e-01 9.187675913757474833e-01 9.256559391441893103e-01 9.323221284214213700e-01 9.385858736895599241e-01 9.443223966816883808e-01 9.494570563546974595e-01 9.539714884155218177e-01 9.578796815775630913e-01 9.612508452498612632e-01 9.641341025808939369e-01 9.666058714395459051e-01 9.686928193156241207e-01 9.715836418665017016e-01 9.693009319991771067e-01 9.729532023519138484e-01 9.736706267247978719e-01 9.762024398257909130e-01
9.020426050124067396e-01 9.081942386122476840e-01 9.146979555729011224e-01 9.213759902672074009e-01 9.280369177090564969e-01 9.344878612291130926e-01 9.405530524788382474e-01 9.461107960646705228e-01 9.510873650342686059e-01 9.554641527717763205e-01 9.592543751913015226e-01 9.625204656592424302e-01 9.653139247140885004e-01 9.677088179769598453e-01 9.697298606026613088e-01 9.725520695291726136e-01 9.703939237629412018e-01 9.738484525219219812e-01 9.745095081731655062e-01 9.769751607759546985e-01
8.998057608578708955e-01 9.061074914124999102e-01 9.127662125401492244e-01 9.196031166236129373e-01 9.264184461505167167e-01 9.330154549779222650e-01 9.392154763225087910e-01 9.448947884930752883e-01 9.499790323023308281e-01 9.544496602357269710e-01 9.583200857576157361e-01 9.616589029325308680e-01 9.645138856844976960e-01 9.669621256011317056e-01 9.690280991347378636e-01 9.718971176769870546e-01 9.696558220408492135e-01 9.732434650268668719e-01 9.739431748939635369e-01 9.764537146350948937e-01
9.024966627054821222e-01 9.086213431470688828e-01 9.150944080240422940e-01 9.217429483039857319e-01 9.283715229752406151e-01 9.347911361179179757e-01 9.408258788529930694e-01 9.463558042122066638e-01 9.513085131730962818e-01 9.556640549391481887e-01 9.594364885876609517e-01 9.626879421770532241e-01 9.654683488436660577e-01 9.678530589251098659e-01 9.698641175074306231e-01 9.726773868651948929e-01 9.705129453946306217e-01 9.739595004884418206e-01 9.746141523925671013e-01 9.770749191139985745e-01
9.011537666821943793e-01 9.073698709727416878e-01 9.139386122979766824e-01 9.206836892961466345e-01 9.274081183525701988e-01 9.339178811786748025e-01 9.400365341169546474e-01 9.456416738328635718e-01 9.506598076325022406e-01 9.550724266364031267e-01 9.588924854690737964e-01 9.621878062451111324e-01 9.650051332454234743e-01 9.674202438785142188e-01 9.694580460500126229e-01 9.722992074729384093e-01 9.700828433310230148e-01 9.736094194039346394e-01 9.742869336237864886e-01 9.767728391917681607e-01
8.975270268658340767e-01 9.039825958548484142e-01 9.108014226235374711e-01 9.177994697896781906e-01 9.247722905611083233e-01 9.315185623194025544e-01 9.378560566712762503e-01 9.436588564766952292e-01 9.488520155443000981e-01 9.534171328571114934e-01 9.573690095507573217e-01 9.607777904024691340e-01 9.636933212399639848e-01 9.661924054488548741e-01 9.683033797334220649e-01 9.712187541164487570e-01 9.688893858005445114e-01 9.726139609052599777e-01 9.733536801305237018e-01 9.759100815226108283e-01
8.999561290640323286e-01 9.062463259230730817e-01 9.128933248090997932e-01 9.197187370557324826e-01 9.265231823267490174e-01 9.331102352919693477e-01 9.393014247442036391e-01 9.449730765316232128e-01 9.500507534930650033e-01 9.545158137641593932e-01 9.583814983978266033e-01 9.617162799414961105e-01 9.645677224995816701e-01 9.670130342968177306e-01 9.690763114233896802e-01 9.719420443754094308e-01 9.697139334969944180e-01 9.732865201208050765e-01 9.739830338316128877e-01 9.764896097462624214e-01
9.026658142740328072e-01 9.087827854011831796e-01 9.152478292925878556e-01 9.218833828159312960e-01 9.285032438303300051e-01 9.349124596678757282e-01 9.409373667895879478e-01 9.464571662168698163e-01 9.513992299377952433e-01 9.557453701218845410e-01 9.595093115730318756e-01 9.627533987418943617e-01 9.655281507378710160e-01 9.679066670088650737e-01 9.699130816847729708e-01 9.727236546664624894e-01 9.705386461239684515e-01 9.739968572107587930e-01 9.746509734292664318e-01 9.771130529240520390e-01
9.001482681557236853e-01 9.064287607710975747e-01 9.130650567966247522e-01 9.198789418211437141e-01 9.266713808991576817e-01 9.332463057024520392e-01 9.394256049220852667e-01 9.450859896129876203e-01 9.501532526999544315e-01 9.546089400438807493e-01 9.584663680031105804e-01 9.617939788449740846e-01 9.646392305023436808e-01 9.670788187845782424e-01 9.691378047136609553e-01 9.719998373049579810e-01 9.697623810944631106e-01 9.733368479766603132e-01 9.740311156534064985e-01 9.765359631218295533e-01
8.995913152634308352e-01 9.059087413596833560e-01 9.125835307919376582e-01 9.194363116144227410e-01 9.262668483832509070e-01 9.328779739204323684e-01 9.390906903881255374e-01 9.447812107472494114e-01 9.498751318853284609e-01 9.543540485536087248e-01 9.582315339397315945e-01 9.615764570264277999e-01 9.644366619821997944e-01 9.668895654915813376e-01 9.689592614147546357e-01 9.718328266076496913e-01 9.695764666890387407e-01 9.731826513161263570e-01 9.738864914876045331e-01 9.764023173654925447e-01
8.990460649813618588e-01 9.053995200362122686e-01 9.121119331664401253e-01 9.190028354126903443e-01 9.258708317980005598e-01 9.325176501081527958e-01 9.387634292961910543e-01 9.444837815831675920e-01 9.496042396827040211e-01 9.541062559686175337e-01 9.580037037239658160e-01 9.613656858085314338e-01 9.642409504677939003e-01 9.667055526158228052e-01 9.687868638019279111e-01 9.716716647352705571e-01 9.693989547638630633e-01 9.730346081598929553e-01 9.737473392086118951e-01 9.762729144454096453e-01
8.991309039292294525e-01 9.054718877901476448e-01 9.121724814868229503e-01 9.190530019817271246e-01 9.259123286962110955e-01 9.325526082217429069e-01 9.387939315515578809e-01 9.445114842637050145e-01 9.496305597653030839e-01 9.541321089043202086e-01 9.580294613966953143e-01 9.613915254192293425e-01 9.642665874204734422e-01 9.667318140506735435e-01 9.688129236475006012e-01 9.716950538442769014e-01 9.694613195110105552e-01 9.730629643529423722e-01 9.737717513000038183e-01 9.762899920530465625e-01
9.066501529341703947e-01 9.125060936593782923e-01 9.186978542766645051e-01 9.250609385543554497e-01 9.314091087321626494e-01 9.375590675882810032e-01 9.433441512750500024e-01 9.486478745674805646e-01 9.533997106002426447e-01 9.575797524769049662e-01 9.612004200653555541e-01 9.643212472219215847e-01 9.669890165263187454e-01 9.692700949683703548e-01 9.712036473150353899e-01 9.727892082149185438e-01 9.718632455245042046e-01 9.751151991491048276e-01 9.757039157473168522e-01 9.780892814227435395e-01
9.002335721203117425e-01 9.065053517851004994e-01 9.131331389317765002e-01 9.199390769544669721e-01 9.267245140353882471e-01 9.332934965836479080e-01 9.394680620693467432e-01 9.451245825266599843e-01 9.501889603554868335e-01 9.546424050070642098e-01 9.584981028635417566e-01 9.618242181900386045e-01 9.646682165887880966e-01 9.671065691219752347e-01 9.691647340198278338e-01 9.720246321247771881e-01 9.698058686641407578e-01 9.733627980261800872e-01 9.740544563769929498e-01 9.765548433819900565e-01
8.969426895979413228e-01 9.034311026404859835e-01 9.102853232132545047e-01 9.173203688871017780e-01 9.243308970156299820e-01 9.311144402889305338e-01 9.374875746538813281e-01 9.433236734460470618e-01 9.485468935140646263e-01 9.531387913893576425e-01 9.571137901571286077e-01 9.605427716282984862e-01 9.634752583313913599e-01 9.659894015057215455e-01 9.681137311747545215e-01 9.710412405216534149e-01 9.687254318372986450e-01 9.724578272483704877e-01 9.732049614288242889e-01 9.757681012827597034e-01
8.943199290435719373e-01 9.009819582668432414e-01 9.080169294842644900e-01 9.152343982750998919e-01 9.224233990058839927e-01 9.293762402304108772e-01 9.359055941927396649e-01 9.418824460232763096e-01 9.472302869001101300e-01 9.519310553766080485e-01 9.560007033614091876e-01 9.595114478722206464e-01 9.625145730051323234e-01 9.650905613028731844e-01 9.672675472707319422e-01 9.702496269755656044e-01 9.678317071209160405e-01 9.717256209365718878e-01 9.725195441722023215e-01 9.751334128342582508e-01
9.009018617342771096e-01 9.071332052826228676e-01 9.137181328360129973e-01 9.204799031883330596e-01 9.272210309316543109e-01 9.337470047445105559e-01 9.398809668325283084e-01 9.455001952862733816e-01 9.505310680660807865e-01 9.549547541992675637e-01 9.587846953566449004e-01 9.620883115293774601e-01 9.649130914828477623e-01 9.673347957557006938e-01 9.693782390397583937e-01 9.722245140505171301e-01 9.700074585549995909e-01 9.735430200191375061e-01 9.742235758206850837e-01 9.767141487947513800e-01
8.982353775072100532e-01 9.046425414550387512e-01 9.114111268805217270e-01 9.183595655232841271e-01 9.252823329010658737e-01 9.319821512970548616e-01 9.382769616591122297e-01 9.440416357144483239e-01 9.492010556206249561e-01 9.537375339013338671e-01 9.576639416046178743e-01 9.610513696129744377e-01 9.639485072805963339e-01 9.664319937104240976e-01 9.685291299554942279e-01 9.714306381547922475e-01 9.691334902993274936e-01 9.728115896207709667e-01 9.735378304667493543e-01 9.760782286887890180e-01
8.987423785503056983e-01 9.051119364182732552e-01 9.118418925154612165e-01 9.187515288654803935e-01 9.256388281587811795e-01 9.323049840777264397e-01 9.385695839002647922e-01 9.443076406244310661e-01 9.494442549035206902e-01 9.539607454870926428e-01 9.578709775244689251e-01 9.612439664980084730e-01 9.641285510845089002e-01 9.666019860354236881e-01 9.686900943775923478e-01 9.715805581498262455e-01 9.693190584422450851e-01 9.729542614753201590e-01 9.736704129386423157e-01 9.761988623472660498e-01
9.004920945844467894e-01 9.067508749094884690e-01 9.133642927421634639e-01 9.201548476509017194e-01 9.269241568730142156e-01 9.334768377282371965e-01 9.396354263278728913e-01 9.452767372917381117e-01 9.503271454878202684e-01 9.547679391428190998e-01 9.586125241596848978e-01 9.619289198893483661e-01 9.647645638656231482e-01 9.671957523164038673e-01 9.692475343982811520e-01 9.721026294005767898e-01 9.698707958735586221e-01 9.734305102743457949e-01 9.741192373837049834e-01 9.766179724328148959e-01
8.991386841154722642e-01 9.054873478174110257e-01 9.121944904443390900e-01 9.190798026514377383e-01 9.259419498134434656e-01 9.325828437273162574e-01 9.388228969757057563e-01 9.445378843739393737e-01 9.496533526108571488e-01 9.541509648361401474e-01 9.580444985367291277e-01 9.614031113696506203e-01 9.642753997014772427e-01 9.667376772338257540e-01 9.688166225357446315e-01 9.716996956725818535e-01 9.694232020994812959e-01 9.730593076662042984e-01 9.737708211687369220e-01 9.762957285119598927e-01
9.015194083087392229e-01 9.077098442623029451e-01 9.142521686503829459e-01 9.209708538709875381e-01 9.276698477277754984e-01 9.341556262858385917e-01 9.402523870245360627e-01 9.458380189105082270e-01 9.508391148823882588e-01 9.552369268959927107e-01 9.590441961122926351e-01 9.623282848678481605e-01 9.651360516279747781e-01 9.675430127341113629e-01 9.695728374292424956e-01 9.724064773958701613e-01 9.702094338065119228e-01 9.737081711447175270e-01 9.743785630849804980e-01 9.768579120505188618e-01
8.999719960388116169e-01 9.062606822234023918e-01 9.129061926487650469e-01 9.197302047369467770e-01 9.265333868452924060e-01 9.331193551428798028e-01 9.393096262289580833e-01 9.449805436561377059e-01 9.500576438990633310e-01 9.545222312796196595e-01 9.583875418948184510e-01 9.617220002529891509e-01 9.645731690890479992e-01 9.670181836828397604e-01 9.690813374699842608e-01 9.719466379845872472e-01 9.697214530942400712e-01 9.732911988752620536e-01 9.739873547829086542e-01 9.764929320004563928e-01
9.003560306007444280e-01 9.066261078290340780e-01 9.132508759954280908e-01 9.200523789327114121e-01 9.268318773071240191e-01 9.333936939223175244e-01 9.395601573245911942e-01 9.452083167293447996e-01 9.502643437103157620e-01 9.547098491264133235e-01 9.585583293848510822e-01 9.618780834832131310e-01 9.647166309705101916e-01 9.671502739477593202e-01 9.692042813267349732e-01 9.720629426029262499e-01 9.698144588275744438e-01 9.733916020544223224e-01 9.740833199938662146e-01 9.765867971463367825e-01
9.004605807017159735e-01 9.067185985210201027e-01 9.133317649558755358e-01 9.201227082381324696e-01 9.268930749056683016e-01 9.334474450646970123e-01 9.396082262291046705e-01 9.452520413899332397e-01 9.503050695345870436e-01 9.547484371463650366e-01 9.585953878279106499e-01 9.619138835489290384e-01 9.647513547936937828e-01 9.671841067247496371e-01 9.692372618285670649e-01 9.720926231708546528e-01 9.698745812328318783e-01 9.734240575424911723e-01 9.741123260036310683e-01 9.766093042541771352e-01
9.058971556097956679e-01 9.118013385974091944e-01 9.180443337543634508e-01 9.244594384566748868e-01 9.308597746278960416e-01 9.370607604458113249e-01 9.428944065086232174e-01 9.482401240196802750e-01 9.530296091576908601e-01 9.572428770791837627e-01 9.608918182798131813e-01 9.640370041963739478e-01 9.667259526156454230e-01 9.690313033296202860e-01 9.709737693981771445e-01 9.725720416182215278e-01 9.716377560469986463e-01 9.749173381866789168e-01 9.755177343352678943e-01 9.779160148125110030e-01
8.982531188562487001e-01 9.046555738249345557e-01 9.114199324928843327e-01 9.183640160558294019e-01 9.252850548715521040e-01 9.319832430870559348e-01 9.382773186269071086e-01 9.440419699958532140e-01 9.492019244581459958e-01 9.537387108788131229e-01 9.576665212871241506e-01 9.610547504039922417e-01 9.639525642205096778e-01 9.664367179477074687e-01 9.685343289245218479e-01 9.714351065637087945e-01 9.691553335990082951e-01 9.728194962850972294e-01 9.735439139105989126e-01 9.760810181108887651e-01
9.013547314305911939e-01 9.075501871210529536e-01 9.140999756974377277e-01 9.208251902175090819e-01 9.275331435296296778e-01 9.340288771532755385e-01 9.401362396429190360e-01 9.457330600148696753e-01 9.507438979523085143e-01 9.551511992592646161e-01 9.589686473254522836e-01 9.622586512356957611e-01 9.650731991909498042e-01 9.674854985434514498e-01 9.695212470905952840e-01 9.723566286300612260e-01 9.701861395936440813e-01 9.736690533731634511e-01 9.743396044502620201e-01 9.768167457015032307e-01
9.025571861694434705e-01 9.086744237415604886e-01 9.151408321354080888e-01 9.217821972006644549e-01 9.284064746453980499e-01 9.348214114850168510e-01 9.408536172983904544e-01 9.463814114752215900e-01 9.513315707736973437e-01 9.556853543292744835e-01 9.594565274240526298e-01 9.627064022222842077e-01 9.654860435741944302e-01 9.678697676198987354e-01 9.698800588284058888e-01 9.726918102264227040e-01 9.705382592580020784e-01 9.739743210027173026e-01 9.746277955234741164e-01 9.770859978622212783e-01
8.987828831432261856e-01 9.051537709067454252e-01 9.118843380934360532e-01 9.187936903346815010e-01 9.256797488280448238e-01 9.323437809593718706e-01 9.386055239933490668e-01 9.443402607770052803e-01 9.494733546197917651e-01 9.539864266649847879e-01 9.578934535462445554e-01 9.612636078539406048e-01 9.641459944088065503e-01 9.666170211382978383e-01 9.687033172809164094e-01 9.715934677268449615e-01 9.693122648753985660e-01 9.729622890214714159e-01 9.736792064469509400e-01 9.762102795800093880e-01
8.990815723401449633e-01 9.054318725706723692e-01 9.121411369685304971e-01 9.190290672799428240e-01 9.258943015918873476e-01 9.325386824222999804e-01 9.387824164032523289e-01 9.445010470938650649e-01 9.496201086789305412e-01 9.541210194047035076e-01 9.580175080253476860e-01 9.613787219708561649e-01 9.642529992309217812e-01 9.667173813504804647e-01 9.687981519641624129e-01 9.716821852411493543e-01 9.694148425240260991e-01 9.730451769621322189e-01 9.737568640159940392e-01 9.762810500898611021e-01
9.018630425493915359e-01 9.080239828957193948e-01 9.145366477985921172e-01 9.212268924014879179e-01 9.278994789172889668e-01 9.343617523099759792e-01 9.404380792772707442e-01 9.460066639084091511e-01 9.509932901664706062e-01 9.553791057119290775e-01 9.591778681410177976e-01 9.624516687714185226e-01 9.652512273150967159e-01 9.676515893615483810e-01 9.696751037844703047e-01 9.725000216598180813e-01 9.703496697042746089e-01 9.738031551380598172e-01 9.744661978383436507e-01 9.769329854789715606e-01
9.048898989552969230e-01 9.108580735823601504e-01 9.171696686566011003e-01 9.236539194414404852e-01 9.301229531759573899e-01 9.363899940919683251e-01 9.422842254799805861e-01 9.476865193225437745e-01 9.525263813890982867e-01 9.567830258740062099e-01 9.604692193602157868e-01 9.636466860203136697e-01 9.663635990572251311e-01 9.686935654251999095e-01 9.706573901730878307e-01 9.722743743471717881e-01 9.713239952320749104e-01 9.746491508249035540e-01 9.752652071948202384e-01 9.773145405092061866e-01
9.046149963208479639e-01 9.106016052046148612e-01 9.169310658208693621e-01 9.234342788154821235e-01 9.299217197272430235e-01 9.362061727605972550e-01 9.421167318999196238e-01 9.475340806649223957e-01 9.523867347051364618e-01 9.566550020319836145e-01 9.603519885795754885e-01 9.635385225526688080e-01 9.662632152571380972e-01 9.685996242446621718e-01 9.705691349046723371e-01 9.721909417439905665e-01 9.712359398282951473e-01 9.745733389479084297e-01 9.751938212801717354e-01 9.776137923641756711e-01
8.993872199744064044e-01 9.057233355077941583e-01 9.124166051380654396e-01 9.192869183306009440e-01 9.261334408396800777e-01 9.327585588705750164e-01 9.389831118856168946e-01 9.446833192478061303e-01 9.497851085229537249e-01 9.542708668499692015e-01 9.581531579007337429e-01 9.615024285977555873e-01 9.643666036385122320e-01 9.668220366520338116e-01 9.688948468012764659e-01 9.717733536762546143e-01 9.694833983870437821e-01 9.731228807440979178e-01 9.738319898945285713e-01 9.763557799092832390e-01
9.058453492989149147e-01 9.117530337810905161e-01 9.179996927568709886e-01 9.244184973817258788e-01 9.308224540311544892e-01 9.370268647616795121e-01 9.428636176066769181e-01 9.482121616098211359e-01 9.530042497799343648e-01 9.572194706312243673e-01 9.608703814387918873e-01 9.640171162786022041e-01 9.667074474053862776e-01 9.690141684964531654e-01 9.709575264733817379e-01 9.725572866901019964e-01 9.716208893387867640e-01 9.749037164038092396e-01 9.755046759903438502e-01 9.779039831292681839e-01
8.985560721585582611e-01 9.049431592187032747e-01 9.116905877091309174e-01 9.186164120620002871e-01 9.255185006947832527e-01 9.321974754255358819e-01 9.384727915274687637e-01 9.442195857951780624e-01 9.493631774317660144e-01 9.538851666773222604e-01 9.577999632970344290e-01 9.611767938961728319e-01 9.640649863566246314e-01 9.665407938896972695e-01 9.686313712681757782e-01 9.715261859297288360e-01 9.692312835308657393e-01 9.728988932965361158e-01 9.736202398501979660e-01 9.761561787678291191e-01
9.034734721016133285e-01 9.095379757314107083e-01 9.159484497686931626e-01 9.225327129981261143e-01 9.290994359888351539e-01 9.354581079561761214e-01 9.414365536862803197e-01 9.469143596942036778e-01 9.518195350450806558e-01 9.561323739691179879e-01 9.598671698670256935e-01 9.630861921086179001e-01 9.658397040940568390e-01 9.682009327295251211e-01 9.701923431485955929e-01 9.718325573198410838e-01 9.708364853517020832e-01 9.742425946349042576e-01 9.748820693924502567e-01 9.773265308624679015e-01
8.978888545131812338e-01 9.043119907761817400e-01 9.110985336492397613e-01 9.180658720482453017e-01 9.250105994152132416e-01 9.317321340173394528e-01 9.380485973807534128e-01 9.438340062739180025e-01 9.490129165679590528e-01 9.535665608963174167e-01 9.575090626724852561e-01 9.609099493131414427e-01 9.638188705001269341e-01 9.663121249821634562e-01 9.684182114639560135e-01 9.713255834193792460e-01 9.690520113952426629e-01 9.727210186232251310e-01 9.734503935951810405e-01 9.759922431915722951e-01
8.957977197329137775e-01 9.023566359941346260e-01 9.092844688121458629e-01 9.163948901483515153e-01 9.234801595618324921e-01 9.303350827262130140e-01 9.367753436659905786e-01 9.426727762311032377e-01 9.479509366451962515e-01 9.525912137807046598e-01 9.566090054638215490e-01 9.600751503005329202e-01 9.630399890812662012e-01 9.655833565301406018e-01 9.677321292397101926e-01 9.706833761524321647e-01 9.683434937104025142e-01 9.721298259678173848e-01 9.728962364754056846e-01 9.754791441735541913e-01
8.955500245757180844e-01 9.021309865136464268e-01 9.090813412074805200e-01 9.162132023934300706e-01 9.233183561850395460e-01 9.301910861691794485e-01 9.366462707864801063e-01 9.425560060928026562e-01 9.478440014945909153e-01 9.524920611572241791e-01 9.565151897347645704e-01 9.599870596494902708e-01 9.629569733239986551e-01 9.655047788820209087e-01 9.676574294616044902e-01 9.706144184485436810e-01 9.682398547620183482e-01 9.720617834764023746e-01 9.728343058346490269e-01 9.754259393031750047e-01
9.002890197124283622e-01 9.065562561169043798e-01 9.131794765352251320e-01 9.199810124389149468e-01 9.267623244190023035e-01 9.333275764283620601e-01 9.394989030556277765e-01 9.451526546466466616e-01 9.502147207533142570e-01 9.546661883073906951e-01 9.585202407871279418e-01 9.618449638914893240e-01 9.646877651913673413e-01 9.671251356730332649e-01 9.691823606194648333e-01 9.720413593363286253e-01 9.698284649882338293e-01 9.733788352263185173e-01 9.740691690698706218e-01 9.765676647389937015e-01
9.053513584239484269e-01 9.112912570666596990e-01 9.175726102151176011e-01 9.240260017198947962e-01 9.304639246901585947e-01 9.367006285627402784e-01 9.425664262398307791e-01 9.479429506582228715e-01 9.527590581375889878e-01 9.569951087249259913e-01 9.606642725045838604e-01 9.638266258216452442e-01 9.665306222639453715e-01 9.688491673782797520e-01 9.708029656933293561e-01 9.724114068361841001e-01 9.714633205637750457e-01 9.747725518393787203e-01 9.753813049681601122e-01 9.777895876561812916e-01
8.957729087641728150e-01 9.023401980879786066e-01 9.092757774437034701e-01 9.163924627661502731e-01 9.234817414944123115e-01 9.303394759669479930e-01 9.367802094579089633e-01 9.426769848988205691e-01 9.479538290679846435e-01 9.525925058727774397e-01 9.566079953776744915e-01 9.600730985851894106e-01 9.630364600488651172e-01 9.655784759529361105e-01 9.677262189513294866e-01 9.706788073464081013e-01 9.683045326389765339e-01 9.721196158414335819e-01 9.728889361640189470e-01 9.754782165035528196e-01
9.002035383221056453e-01 9.064759764791127106e-01 9.131047067532083172e-01 9.199119009358134313e-01 9.266988827081508173e-01 9.332696515633323031e-01 9.394461610822762987e-01 9.451046771011630820e-01 9.501710222905255243e-01 9.546262832692297140e-01 9.584836497168325309e-01 9.618112531142116728e-01 9.646565199704483229e-01 9.670959500437055212e-01 9.691550387000710254e-01 9.720153619201792328e-01 9.698025538468503237e-01 9.733555387546261040e-01 9.740472476038947169e-01 9.765471067142135198e-01
8.989434920092302939e-01 9.053016777578516416e-01 9.120194123228335670e-01 9.189161847135204342e-01 9.257904403230234891e-01 9.324436803697065956e-01 9.386958516830443688e-01 9.444223903990124347e-01 9.495485847412721281e-01 9.540557648751272213e-01 9.579578565420420189e-01 9.613238605768585909e-01 9.642026246955656132e-01 9.666703021880012070e-01 9.687541282993067382e-01 9.716407314364542414e-01 9.693755160823830375e-01 9.730078243897994916e-01 9.737215336960686196e-01 9.762476218407371009e-01
9.020845771836476512e-01 9.082371265792495985e-01 9.147410448492550028e-01 9.214185470988907056e-01 9.280780563061427069e-01 9.345267498034548481e-01 9.405889946694138137e-01 9.461434469947491710e-01 9.511165217136055006e-01 9.554898429837475060e-01 9.592769889358452318e-01 9.625403287719289658e-01 9.653318720275484432e-01 9.677242843303627273e-01 9.697435112095323939e-01 9.725651581738781193e-01 9.703895497177834617e-01 9.738569746856003961e-01 9.745185676229229932e-01 9.769866441853465311e-01
8.977374791401661058e-01 9.041755374752529217e-01 9.109767745268609884e-01 9.179587118900749410e-01 9.249149435818041498e-01 9.316469952189216919e-01 9.379721204390046863e-01 9.437644371800696375e-01 9.489487390795767752e-01 9.535070732487309630e-01 9.574523812194660755e-01 9.608560023523234905e-01 9.637672298145314453e-01 9.662626582412983112e-01 9.683704042904618392e-01 9.712814582880724412e-01 9.689785911514188221e-01 9.726753411179740461e-01 9.734092771352771400e-01 9.759585581945764421e-01
8.969868770108996303e-01 9.034742611968199499e-01 9.103270126365975434e-01 9.173602450735027780e-01 9.243684457230489926e-01 9.311493422022942834e-01 9.375195442694306269e-01 9.433527373129138027e-01 9.485731287993026672e-01 9.531622346780009858e-01 9.571348275542825856e-01 9.605616945864569045e-01 9.634923702714180971e-01 9.660049995857825644e-01 9.681277320533505648e-01 9.710545247345702125e-01 9.687299723205951008e-01 9.724682943486910869e-01 9.732159112667471135e-01 9.757792385594746820e-01
8.987804383285796783e-01 9.051501539951742892e-01 9.118797594912231297e-01 9.187884512307308293e-01 9.256741667260015571e-01 9.323381801996241114e-01 9.386002088127840537e-01 9.443354422353542610e-01 9.494691877491063803e-01 9.539829163031633419e-01 9.578906199077419359e-01 9.612613639356366591e-01 9.641443109142373569e-01 9.666157566959815428e-01 9.687024078837778163e-01 9.715924488786117363e-01 9.693181270532356120e-01 9.729626146915180129e-01 9.736790879202238402e-01 9.762090783539872918e-01
8.998628710507396988e-01 9.061609815027131809e-01 9.128158713597173124e-01 9.196488821770114619e-01 9.264603322550265530e-01 9.330536279417892542e-01 9.392502066419209372e-01 9.449263959888746234e-01 9.500078417734857394e-01 9.544760264114975357e-01 9.583443294376632338e-01 9.616812975254036555e-01 9.645346835961766674e-01 9.669816372820220218e-01 9.690463611959252432e-01 9.719142508785419965e-01 9.696739575669294231e-01 9.732590500496035579e-01 9.739578282140676224e-01 9.764677423114421773e-01
9.000768484982436535e-01 9.063570247035410699e-01 9.129939767533274964e-01 9.198096220414633262e-01 9.266050313952297612e-01 9.331839580333306516e-01 9.393681486028060412e-01 9.450337478609267539e-01 9.501063982782782524e-01 9.545672781542826613e-01 9.584294608264067872e-01 9.617612797336489994e-01 9.646101653316289104e-01 9.670531165942716223e-01 9.691146189465081884e-01 9.719774628224777668e-01 9.697637671027455886e-01 9.733211657067779576e-01 9.740149798808798165e-01 9.765169262337126677e-01
9.047275395786845698e-01 9.107120013536899039e-01 9.170379786131435118e-01 9.235367787684954921e-01 9.300181637586456551e-01 9.362961847549396976e-01 9.421995996870743406e-01 9.476092387382495374e-01 9.524544075268619459e-01 9.567155813812784348e-01 9.604061990131711468e-01 9.635871421884658616e-01 9.663069373700319264e-01 9.686391028340245457e-01 9.706049493470803036e-01 9.722234594878707004e-01 9.712468464589854023e-01 9.745997325979183223e-01 9.752197871777784632e-01 9.776425394079794051e-01
9.047885667543482668e-01 9.107571266566146795e-01 9.170703759871393634e-01 9.235577660632158237e-01 9.300310488820114907e-01 9.363034113151165183e-01 9.422049722949937811e-01 9.476135154863273291e-01 9.524602120945616646e-01 9.567235182631831369e-01 9.604166564313596499e-01 9.636000550721223190e-01 9.663221156583812199e-01 9.686498482489726003e-01 9.706237119474029340e-01 9.722439851726281113e-01 9.713197079430736514e-01 9.746254222267268785e-01 9.752412913452953580e-01 9.776529834498516314e-01
9.020503444292158335e-01 9.082044112990734774e-01 9.147101312132150941e-01 9.213895377005788534e-01 9.280511532247806006e-01 9.345018837855330052e-01 9.405662852392232542e-01 9.461227723949198198e-01 9.510979913180714895e-01 9.554732540300467925e-01 9.592620354497830570e-01 9.625274212441127242e-01 9.653195179450623220e-01 9.677130325772017594e-01 9.697329099565666910e-01 9.725552900168968895e-01 9.703826645731830070e-01 9.738486940039584594e-01 9.745104448263607333e-01 9.766181314536135361e-01
8.985079190710701935e-01 9.048941600994219181e-01 9.116413637254325852e-01 9.185681305768155225e-01 9.254719686030692394e-01 9.321535736492463364e-01 9.384322058631243690e-01 9.441827431923200953e-01 9.493302106963482645e-01 9.538559594449519397e-01 9.577742596640136385e-01 9.611541721286990247e-01 9.640449802363706411e-01 9.665231555870105185e-01 9.686156896197347654e-01 9.715109580853743543e-01 9.692357826458801728e-01 9.728888065999380386e-01 9.736094966006184626e-01 9.761429089768751677e-01
8.965888631638361250e-01 9.031056219277121544e-01 9.099880363923646964e-01 9.170504238030713351e-01 9.240863326212442885e-01 9.308919892807522301e-01 9.372847886211455037e-01 9.431375253015727989e-01 9.483742050712138383e-01 9.529775834417153479e-01 9.569630672674371841e-01 9.604009218762746825e-01 9.633413014581087008e-01 9.658633011558116488e-01 9.679934672046986988e-01 9.709293932950673334e-01 9.685689895213586142e-01 9.723485206060594743e-01 9.731044739411971456e-01 9.756803297511708051e-01
9.018902164705551172e-01 9.080556891726008217e-01 9.145731029623143105e-01 9.212644198765697068e-01 9.279376007445074848e-01 9.343989250190990470e-01 9.404730955325472097e-01 9.460389110433218285e-01 9.510213223832307827e-01 9.554034067718275569e-01 9.591969076715076703e-01 9.624688966885159846e-01 9.652653784083009558e-01 9.676635137766806949e-01 9.696851974931995910e-01 9.725099535172816445e-01 9.703279914385007920e-01 9.738059196787081095e-01 9.744706226071155886e-01 9.769424508725126355e-01
8.992008163269518128e-01 9.055410490140894941e-01 9.122402516364442882e-01 9.191184591223834355e-01 9.259745975335544887e-01 9.326108228369246467e-01 9.388474559569673916e-01 9.445600810219596521e-01 9.496739866032369859e-01 9.541706161915772810e-01 9.580635815928613130e-01 9.614217616865736726e-01 9.642934247657074520e-01 9.667556708767418572e-01 9.688344768811953944e-01 9.717157038155748161e-01 9.694622755955524251e-01 9.730778111721599677e-01 9.737870250669510286e-01 9.763074712074418793e-01
8.992108975722068465e-01 9.055536608057862535e-01 9.122550156954128964e-01 9.191345376353703411e-01 9.259910631355697808e-01 9.326268575630346502e-01 9.388627657617045763e-01 9.445741975793592315e-01 9.496865668511491609e-01 9.541815832350500903e-01 9.580729071945345288e-01 9.614295549640230476e-01 9.642999969124111947e-01 9.667611650403913348e-01 9.688387642118917453e-01 9.717202142841809831e-01 9.694506520392973670e-01 9.730790123309853712e-01 9.737890829713026219e-01 9.763119617623241542e-01
8.996926489371385172e-01 9.059983378037329560e-01 9.126618622386671875e-01 9.195044128269952433e-01 9.263260855058620402e-01 9.329299926796926767e-01 9.391371734048362674e-01 9.448236201039231785e-01 9.499146670508508139e-01 9.543915474276349897e-01 9.582675639881179652e-01 9.616113139957919165e-01 9.644704807245950695e-01 9.669223808918360197e-01 9.689915291435762246e-01 9.718623593088401291e-01 9.696355605151516510e-01 9.732147531604979918e-01 9.739151730188098099e-01 9.764248406201936348e-01
8.955438816808721780e-01 9.021262928154896166e-01 9.090778609373884045e-01 9.162108214271682538e-01 9.233167936618006388e-01 9.301907103577389258e-01 9.366455071462559401e-01 9.425552969679072968e-01 9.478432392337053924e-01 9.524912347628559095e-01 9.565139702152750667e-01 9.599858667599159290e-01 9.629554716452832785e-01 9.655031684611710130e-01 9.676556864463046193e-01 9.706128758749705820e-01 9.682327900525459219e-01 9.720594042771502075e-01 9.728324889244435170e-01 9.754244589110500074e-01
